# by Pavel_Play
inst
9330, bord_xyli, 0, 2473.34, -772.507, 32.5685, 0.0, 0.0, 1.0, 0.0, -1
17000, XYLIclothes_11, 1, 494.243, 17.8801, 1370.47, 0.0, 0.0, 0.0, 1.0, -1
17001, XYLIclothes_12, 1, 494.383, 20.9801, 1370.47, 0.0, 0.0, 0.0, 1.0, -1
17002, XYLIclothes_13, 1, 503.593, 22.8101, 1370.47, 0.0, 0.0, 0.0, 1.0, -1
17003, XYLIclothes_14, 1, 503.437, 25.0801, 1370.34, 0.0, 0.0, 0.0, 1.0, -1
17004, XYLIclothes_15, 1, 496.743, 21.7986, 1370.47, 0.0, 0.0, 0.0, 1.0, -1
17005, XYLIclothes_16, 1, 501.103, 21.5512, 1370.47, 0.0, 0.0, 0.0, 1.0, -1
17006, XYLIclothes_17, 1, 502.843, 17.2, 1371.82, 0.0, 0.0, 0.0, 1.0, -1
17007, XYLIclothes_18, 1, 503.566, 21.4, 1370.87, 0.0, 0.0, 0.0, 1.0, -1
17008, XYLIclothes_19, 1, 503.666, 19.365, 1370.6, 0.0, 0.0, 0.0, 1.0, -1
17009, XYLIclothes_20, 1, 503.173, 17.1, 1370.91, 0.0, 0.0, 0.0, 1.0, -1
17010, XYLIclothes_21, 1, 502.295, 23.5864, 1370.81, 0.0, 0.0, 0.0, 1.0, -1
17011, XYLIclothes_22, 1, 499.003, 28.1662, 1370.73, 0.0, 0.0, 0.0, 1.0, -1
17012, XYLIclothes_23, 1, 496.681, 26.3801, 1370.5, 0.0, 0.0, 0.0, 1.0, -1
17013, XYLIclothes_24, 1, 494.229, 18.0694, 1371.21, 0.0, 0.0, 0.0, 1.0, -1
17014, XYLIclothes_25, 1, 494.193, 22.33, 1370.61, 0.0, 0.0, 0.0, 1.0, -1
17015, XYLIclothes_26, 1, 494.208, 23.055, 1370.61, 0.0, 0.0, 0.0, 1.0, -1
17016, XYLIclothes_27, 1, 494.249, 21.8901, 1371.33, 0.0, 0.0, 0.0, 1.0, -1
17017, XYLIclothes_28, 1, 494.208, 25.0498, 1370.61, 0.0, 0.0, 0.0, 1.0, -1
17018, XYLIclothes_29, 1, 494.145, 23.4625, 1370.69, 0.0, 0.0, 0.0, 1.0, -1
17019, XYLIclothes_30, 1, 494.145, 24.0413, 1370.69, 0.0, 0.0, 0.0, 1.0, -1
17020, XYLIclothes_31, 1, 494.204, 24.8277, 1370.31, 0.0, 0.0, 0.0, 1.0, -1
17021, XYLIclothes_32, 1, 494.2, 26.2964, 1370.32, 0.0, 0.0, 0.0, 1.0, -1
17022, XYLIclothes_33, 1, 494.148, 26.3934, 1370.93, 0.0, 0.0, 0.0, 1.0, -1
17023, XYLIclothes_34, 1, 494.122, 27.4658, 1371.26, 0.0, 0.0, 0.0, 1.0, -1
17024, XYLIclothes_35, 1, 494.2, 28.0, 1370.5, 0.0, 0.0, 0.0, 1.0, -1
17025, XYLIclothes_36, 1, 494.494, 28.9178, 1370.1, 0.0, 0.0, 0.0, 1.0, -1
17026, XYLIclothes_37, 1, 502.615, 29.6, 1370.85, 0.0, 0.0, 0.0, 1.0, -1
17027, XYLIclothes_38, 1, 496.047, 29.6, 1370.63, 0.0, 0.0, 0.0, 1.0, -1
17028, XYLIclothes_39, 1, 495.407, 29.6, 1370.63, 0.0, 0.0, 0.0, 1.0, -1
17029, XYLIclothes_40, 1, 494.785, 29.6, 1370.85, 0.0, 0.0, 0.0, 1.0, -1
17030, XYLIclothes_41, 1, 500.929, 17.2, 1371.21, 0.0, 0.0, 0.0, 1.0, -1
17031, XYLIclothes_42, 1, 501.576, 17.1, 1370.91, 0.0, 0.0, 0.0, 1.0, -1
17032, XYLIclothes_43, 1, 503.666, 20.2103, 1370.6, 0.0, 0.0, 0.0, 1.0, -1
17033, XYLIclothes_44, 1, 494.148, 27.4997, 1370.7, 0.0, 0.0, 0.0, 1.0, -1
17034, XYLIclothes_45, 1, 502.297, 29.63, 1370.21, 0.0, 0.0, 0.0, 1.0, -1
17035, XYLIclothes_46, 1, 498.911, 22.1905, 1370.46, 0.0, 0.0, 0.0, 1.0, -1
17036, XYLIclothes_47, 1, 496.787, 28.8352, 1370.83, 0.0, 0.0, 0.0, 1.0, -1
17037, XYLIclothes_48, 1, 501.05, 28.8596, 1370.83, 0.0, 0.0, 0.0, 1.0, -1
17038, XYLIclothes_49, 1, 496.036, 18.3195, 1371.08, 0.0, 0.0, 0.0, 1.0, -1
17039, XYLIclothes_50, 1, 497.964, 17.2, 1370.91, 0.0, 0.0, 0.0, 1.0, -1
17040, XYLIclothes_51, 1, 498.884, 16.9136, 1372.11, 0.0, 0.0, 0.0, 1.0, -1
17041, XYLIclothes_09, 1, 498.924, 23.7901, 1371.1, 0.0, 0.0, 0.0, 1.0, -1
17042, XYLIclothes_10, 1, 496.512, 24.1082, 1371.43, 0.0, 0.0, 0.0, 1.0, -1
17043, XYLIclothes_00, 1, 498.928, 23.789, 1371.45, 0.0, 0.0, 0.0, 1.0, -1
17044, XYLIclothes_01, 1, 500.689, 23.415, 1370.2, 0.0, 0.0, 0.0, 1.0, -1
17045, XYLIclothes_02, 1, 501.955, 29.6, 1371.07, 0.0, 0.0, 0.0, 1.0, -1
17046, XYLIclothes_03, 1, 494.2, 28.6, 1370.92, 0.0, 0.0, 0.0, 1.0, -1
17047, XYLIclothes_04, 1, 499.394, 17.2, 1370.91, 0.0, 0.0, 0.0, 1.0, -1
17048, XYLIclothes_05, 1, 498.963, 19.3722, 1370.92, 0.0, 0.0, 0.0, 1.0, -1
17049, XYLIclothes_06, 1, 497.687, 20.5255, 1371.17, 0.0, 0.0, 0.0, 1.0, -1
17050, XYLIclothes_07, 1, 503.437, 27.8801, 1370.34, 0.0, 0.0, 0.0, 1.0, -1
17051, XYLIclothes_08, 1, 500.984, 23.6437, 1371.43, 0.0, 0.0, 0.0, 1.0, -1
17052, auotsal, 1, 1150.0, 222.0, 1000.0, 0.0, 0.0, 0.0, 1.0, -1
17053, XYLI_ZAVOD_20, 1, -18.7087, -4.99841, 1380.511369, 0.0, 0.0, 0.0, 1.0, -1
17054, XYLI_ZAVOD_21, 1, -36.3604, -4.99841, 1381.03541, 0.0, 0.0, 0.0, 1.0, -1
17055, XYLI_ZAVOD_22, 1, -25.2866, -4.99841, 1380.511369, 0.0, 0.0, 0.0, 1.0, -1
17056, XYLI_ZAVOD_23, 1, -31.835, -4.99841, 1380.511369, 0.0, 0.0, 0.0, 1.0, -1
17057, XYLI_ZAVOD_24, 1, -18.7087, 8.95335, 1380.511369, 0.0, 0.0, 0.0, 1.0, -1
17058, XYLI_ZAVOD_25, 1, -25.2866, 8.95335, 1380.511369, 0.0, 0.0, 0.0, 1.0, -1
17059, XYLI_ZAVOD_26, 1, -31.835, 8.95335, 1380.511369, 0.0, 0.0, 0.0, 1.0, -1
17060, XYLI_ZAVOD_27, 1, -36.3604, 8.95335, 1381.03541, 0.0, 0.0, 0.0, 1.0, -1
17061, XYLI_ZAVOD_28, 1, -9.24121, 2.1594, 1382.49189, 0.0, 0.0, 0.0, 1.0, -1
17062, XYLI_ZAVOD_29, 1, -0.794843, 2.19183, 1384.3343, 0.0, 0.0, 0.0, 1.0, -1
17063, XYLI_ZAVOD_30, 1, -10.7713, 4.20403, 1381.11369, 0.0, 0.0, 0.0, 1.0, -1
17064, XYLI_ZAVOD_31, 1, -10.5269, 2.16777, 1382.51328, 0.0, 0.0, 0.0, 1.0, -1
17065, XYLI_ZAVOD_00, 1, -0.666889, 2.19371, 1381.01508, 0.0, 0.0, 0.0, 1.0, -1
17066, XYLI_ZAVOD_01, 1, -12.7621, 8.12184, 1381.15149, 0.0, 0.0, 0.0, 1.0, -1
17067, XYLI_ZAVOD_02, 1, -12.217, -4.99841, 1380.511369, 0.0, 0.0, 0.0, 1.0, -1
17068, XYLI_ZAVOD_03, 1, -12.217, 8.95335, 1380.511369, 0.0, 0.0, 0.0, 1.0, -1
17069, XYLI_ZAVOD_04, 1, -5.58353, 8.95335, 1380.511369, 0.0, 0.0, 0.0, 1.0, -1
17070, XYLI_ZAVOD_05, 1, -5.58353, -4.99841, 1380.511369, 0.0, 0.0, 0.0, 1.0, -1
17071, XYLI_ZAVOD_06, 1, 0.828434, 8.95335, 1380.511369, 0.0, 0.0, 0.0, 1.0, -1
17072, XYLI_ZAVOD_07, 1, 0.828434, -4.99841, 1380.511369, 0.0, 0.0, 0.0, 1.0, -1
17073, XYLI_ZAVOD_08, 1, 7.10274, 8.95335, 1380.511369, 0.0, 0.0, 0.0, 1.0, -1
17074, XYLI_ZAVOD_09, 1, 7.10274, -4.99841, 1380.511369, 0.0, 0.0, 0.0, 1.0, -1
17075, XYLI_ZAVOD_10, 1, -7.55325, 2.26096, 1381.15737, 0.0, 0.0, 0.0, 1.0, -1
17076, XYLI_ZAVOD_11, 1, 18.009, 5.76485, 1381.42067, 0.0, 0.0, 0.0, 1.0, -1
17077, XYLI_ZAVOD_12, 1, -10.4181, 7.51653, 1380.905448, 0.0, 0.0, 0.0, 1.0, -1
17078, XYLI_ZAVOD_13, 1, 10.3946, 2.96338, 1380.960967, 0.0, 0.0, 0.0, 1.0, -1
17079, XYLI_ZAVOD_14, 1, -6.15215, 2.65179, 1381.15655, 0.0, 0.0, 0.0, 1.0, -1
17080, XYLI_ZAVOD_15, 1, 18.1274, 4.72348, 1381.1501, 0.0, 0.0, 0.0, 1.0, -1
17081, XYLI_ZAVOD_17, 1, 9.97062, 2.80317, 1380.711558, 0.0, 0.0, 0.0, 1.0, -1
17082, XYLI_ZAVOD_18, 1, -37.4768, 5.95272, 1382.10897, 0.0, 0.0, 0.0, 1.0, -1
17083, XYLI_ZAVOD_19, 1, -9.05135, 2.2849, 1382.51415, 0.0, 0.0, 0.0, 1.0, -1
17084, XYLI_ZAVOD_32, 1, -24.8019, 2.19183, 1384.3343, 0.0, 0.0, 0.0, 1.0, -1
17085, XYLI_ZAVOD_33, 1, -22.4855, 2.38146, 1381.17606, 0.0, 0.0, 0.0, 1.0, -1
17086, XYLI_ZAVOD_34, 1, -4.98095, 2.14954, 1381.12535, 0.0, 0.0, 0.0, 1.0, -1
17087, XYLI_ZAVOD_35, 1, -31.6983, -8.64743, 1380.5115, 0.0, 0.0, 0.0, 1.0, -1
17088, XYLI_ZAVOD_16, 1, -12.4497, 5.50689, 1381.23743, 0.0, 0.0, 0.0, 1.0, -1
17089, XYLI_ZAVOD_36, 1, -12.4497, 5.50689, 1381.23743, 0.0, 0.0, 0.0, 1.0, -1
17090, XYLI_ZAVOD_37, 1, 9.97062, 2.80317, 1380.711558, 0.0, 0.0, 0.0, 1.0, -1
17091, XYLI_ZAVOD_38, 1, -10.7713, 4.20403, 1381.11369, 0.0, 0.0, 0.0, 1.0, -1
17092, shahta_01, 1, 560.0, 525.0, 1000.0, 0.0, 0.0, 0.0, 1.0, -1
17093, shahta_02, 1, 560.0, 525.0, 1000.0, 0.0, 0.0, 0.0, 1.0, -1
17094, shahta_03, 1, 560.0, 525.0, 1000.0, 0.0, 0.0, 0.0, 1.0, -1
17095, shahta_04, 1, 560.0, 525.0, 1000.0, 0.0, 0.0, 0.0, 1.0, -1
17096, shahta_05, 1, 560.0, 525.0, 1000.0, 0.0, 0.0, 0.0, 1.0, -1
17097, shahta_06, 1, 560.0, 525.0, 1000.0, 0.0, 0.0, 0.0, 1.0, -1
#17098, shahta_07, 1, 560.0, 25.0, 1000.0, 0.0, 0.0, 0.0, 1.0, -1
17099, padik, 1, 560.0, 25.0, 1050.0, 0.0, 0.0, 0.0, 1.0, -1
17099, padik, 2, 560.0, 25.0, 1050.0, 0.0, 0.0, 0.0, 1.0, -1
17101, meria_XYLI_31, 1, 956.317, -15.453, 1380.7, 0.0, 0.0, 0.0, 1.0, -1
17102, meria_XYLI_01, 1, 979.778, -3.97556, 1381.29, 0.0, 0.0, 0.0, 1.0, -1
17103, meria_XYLI_02, 1, 969.049, -18.4567, 1380.35, 0.0, 0.0, 0.0, 1.0, -1
17104, meria_XYLI_03, 1, 990.594, -18.4567, 1380.35, 0.0, 0.0, 0.0, 1.0, -1
17105, meria_XYLI_60, 1, 993.126, -14.4961, 1382.67, 0.0, 0.0, 0.0, 1.0, -1
17106, meria_XYLI_05, 1, 950.145, -2.92214, 1381.03, 0.0, 0.0, 0.0, 1.0, -1
17107, meria_XYLI_06, 1, 1009.45, 10.0135, 1381.03, 0.0, 0.0, 0.0, 1.0, -1
17108, meria_XYLI_07, 1, 1002.87, 10.9784, 1381.32, 0.0, 0.0, 2.38419e-007, 1.0, -1
17109, meria_XYLI_08, 1, 952.383, -6.15522, 1380.7, 0.0, 0.0, 0.0, 1.0, -1
17110, meria_XYLI_09, 1, 952.448, -12.4465, 1380.7, 0.0, 0.0, 0.0, 1.0, -1
17111, meria_XYLI_10, 1, 978.676, 3.76778, 1380.43, 0.0, 0.0, 0.0, 1.0, -1
17112, meria_XYLI_59, 1, 951.637, -4.40267, 1381.03, 0.0, 0.0, 0.0, 1.0, -1
17113, meria_XYLI_58, 1, 1008.22, 1.9085, 1380.95, 0.0, 0.0, 0.0, 1.0, -1
17114, meria_XYLI_13, 1, 1006.73, 7.33043, 1380.66, 0.0, 0.0, 0.0, 1.0, -1
17115, meria_XYLI_55, 1, 955.469, 2.06133, 1380.43, 0.0, 0.0, 0.0, 1.0, -1
17116, meria_XYLI_15, 1, 1005.17, -17.4513, 1380.43, 0.0, 0.0, 0.0, 1.0, -1
17117, meria_XYLI_16, 1, 979.785, -5.54936, 1382.07, 0.0, 0.0, 2.38419e-007, 1.0, -1
17118, meria_XYLI_17, 1, 990.528, -4.45361, 1382.07, 0.0, 0.0, 0.0, 1.0, -1
17119, meria_XYLI_18, 1, 958.627, 2.09666, 1380.73, 0.0, 0.0, 0.0, 1.0, -1
17120, meria_XYLI_19, 1, 950.237, 2.49443, 1381.28, 0.0, 0.0, 0.0, 1.0, -1
17121, meria_XYLI_20, 1, 954.554, 9.22471, 1381.29, 0.0, 0.0, 0.0, 1.0, -1
17122, meria_XYLI_21, 1, 954.644, 3.92652, 1381.02, 0.0, 0.0, 0.0, 1.0, -1
17123, meria_XYLI_22, 1, 980.783, -4.5661, 1381.02, 0.0, 0.0, 0.0, 1.0, -1
17124, meria_XYLI_23, 1, 962.639, 18.093, 1381.1, 0.0, 0.0, 0.0, 1.0, -1
17125, meria_XYLI_24, 1, 964.829, 19.1202, 1380.49, 0.0, 0.0, 0.0, 1.0, -1
17126, meria_XYLI_25, 1, 960.383, 19.1202, 1380.49, 0.0, 0.0, 0.0, 1.0, -1
17127, meria_XYLI_26, 1, 964.565, 13.5901, 1380.49, 0.0, 0.0, 0.0, 1.0, -1
17128, meria_XYLI_27, 1, 964.71, 13.4446, 1380.87, 0.0, 0.0, 0.0, 1.0, -1
17129, meria_XYLI_28, 1, 963.395, 13.404, 1380.49, 0.0, 0.0, 0.0, 1.0, -1
17130, meria_XYLI_29, 1, 968.157, 2.146, 1382.67, 0.0, 0.0, 0.0, 1.0, -1
17131, meria_XYLI_52, 1, 979.77, 2.92422, 1381.17, 0.0, 0.0, 0.0, 1.0, -1
17132, meria_XYLI_61, 1, 966.886, -14.4562, 1382.67, 0.0, 0.0, 0.0, 1.0, -1
17133, meria_XYLI_51, 1, 989.517, 0.467815, 1381.61, 0.0, 0.0, 0.0, 1.0, -1
17134, meria_XYLI_50, 1, 980.994, 3.49797, 1380.81, 0.0, 0.0, 0.0, 1.0, -1
17135, meria_XYLI_34, 1, 965.192, -11.8153, 1380.35, 0.0, 0.0, 0.0, 1.0, -1
17136, meria_XYLI_35, 1, 994.369, 1.00374, 1380.35, 0.0, 0.0, 0.0, 1.0, -1
17137, meria_XYLI_36, 1, 987.238, -5.08733, 1380.59, 0.0, 0.0, 0.0, 1.0, -1
17138, meria_XYLI_37, 1, 987.38, -6.55023, 1381.09, 0.0, 0.0, 0.0, 1.0, -1
17139, meria_XYLI_49, 1, 991.803, 1.86374, 1382.67, 0.0, 0.0, 0.0, 1.0, -1
17140, meria_XYLI_39, 1, 998.529, 18.1748, 1380.93, 0.0, 0.0, 0.0, 1.0, -1
17141, meria_XYLI_40, 1, 969.144, -2.19611, 1380.35, 0.0, 0.0, 0.0, 1.0, -1
17142, meria_XYLI_41, 1, 983.349, 8.9615, 1381.02, 0.0, 0.0, 0.0, 1.0, -1
17143, meria_XYLI_42, 1, 1004.25, -1.47449, 1380.59, 0.0, 0.0, 0.0, 1.0, -1
17144, meria_XYLI_43, 1, 1005.34, -1.97171, 1381.08, 0.0, 0.0, 0.0, 1.0, -1
17145, meria_XYLI_44, 1, 986.468, -0.00340462, 1381.25, 0.0, 0.0, 0.0, 1.0, -1
17146, meria_XYLI_45, 1, 998.428, -4.7965, 1382.07, 0.0, 0.0, 0.0, 1.0, -1
17147, meria_XYLI_47, 1, 1008.1, 4.21705, 1380.59, 0.0, 0.0, 0.0, 1.0, -1
17148, meria_XYLI_46, 1, 979.785, -2.63104, 1382.9, 0.0, 0.0, 0.0, 1.0, -1
17149, meria_XYLI_48, 1, 979.791, -1.39025, 1382.08, 0.0, 0.0, 0.0, 1.0, -1
17150, meria_XYLI_38, 1, 979.779, -1.29076, 1383.67, 0.0, 0.0, 0.0, 1.0, -1
17151, meria_XYLI_33, 1, 954.717, -14.2431, 1380.59, 0.0, 0.0, 0.0, 1.0, -1
17152, meria_XYLI_32, 1, 954.518, -13.9203, 1380.7, 0.0, 0.0, 0.0, 1.0, -1
17153, meria_XYLI_30, 1, 979.881, -3.95988, 1380.5, 0.0, 0.0, 0.0, 1.0, -1
17154, meria_XYLI_53, 1, 955.154, -13.5013, 1381.03, 0.0, 0.0, 0.0, 1.0, -1
17155, meria_XYLI_54, 1, 954.565, -13.9282, 1381.03, 0.0, 0.0, 0.0, 1.0, -1
17156, meria_XYLI_14, 1, 979.34, -13.7819, 1380.97, 0.0, 0.0, 0.0, 1.0, -1
17157, meria_XYLI_56, 1, 979.435, -5.95805, 1380.43, 0.0, 0.0, 0.0, 1.0, -1
17158, meria_XYLI_57, 1, 976.727, -5.92831, 1381.23, 0.0, 0.0, 0.0, 1.0, -1
17159, meria_XYLI_12, 1, 954.514, -7.53936, 1380.95, 0.0, 0.0, 0.0, 1.0, -1
17160, meria_XYLI_11, 1, 980.139, -1.27512, 1380.41, 0.0, 0.0, 0.0, 1.0, -1
17161, meria_XYLI_04, 1, 974.983, -5.6206, 1380.82, 0.0, 0.0, 0.0, 1.0, -1
17162, meria_XYLI_00, 1, 979.78, -1.28956, 1382.09, 0.0, 0.0, 0.0, 1.0, -1
17163, meria_XYLI_62, 1, 965.987, -11.9275, 1382.07, 0.0, 0.0, 0.0, 1.0, -1
17164, meria_XYLI_63, 1, 979.78, -1.28956, 1382.09, 0.0, 0.0, 0.0, 1.0, -1
17165, xata_01, 1, 660.0, 30.0, 1025.0, 0.0, 0.0, 0.0, 1.0, -1
17166, xata_02, 1, 660.0, 30.0, 1025.0, 0.0, 0.0, 0.0, 1.0, -1
17167, xata_03, 1, 660.0, 30.0, 1025.0, 0.0, 0.0, 0.0, 1.0, -1
17168, xata_04, 1, 660.0, 30.0, 1025.0, 0.0, 0.0, 0.0, 1.0, -1
17169, xata_05, 1, 660.0, 30.0, 1025.0, 0.0, 0.0, 0.0, 1.0, -1
17170, xata_06, 1, 660.0, 30.0, 1025.0, 0.0, 0.0, 0.0, 1.0, -1
17171, xata_07, 1, 660.0, 30.0, 1025.0, 0.0, 0.0, 0.0, 1.0, -1
17172, xata_08, 1, 660.0, 30.0, 1025.0, 0.0, 0.0, 0.0, 1.0, -1
17173, CRB_int_24_a, 1, 1550.0, 422.0, 1000.0, 0.0, 0.0, 0.0, 1.0, -1
17191, Crb_IntAvSkol1, 1, 1650.0, 922.0, 1000.0, 0.0, 0.0, 0.0, 1.0, -1
17192, Crb_dorsAvSk1, 1, 1656.738, 920.656, 1000.021, 0.0, 0.0, 0.707108188464, -0.707105373907, -1
17192, Crb_dorsAvSk1, 1, 1652.743, 920.656, 1000.021, 0.0, 0.0, 0.707108188464, -0.707105373907, -1
17192, Crb_dorsAvSk1, 1, 1642.97, 923.37, 1000.021, 0.0, 0.0, 0.0, 1.0, -1
17192, Crb_dorsAvSk1, 1, 1653.943, 925.132, 1000.021, 0.0, 0.0, 0.707106312094, 0.707107250279, -1
17188, CRB_INTBolka1, 1, 2050.0, 1422.0, 1000.0, 0.0, 0.0, 0.0, 1.0, -1
17189, CRB_INTBolka2, 1, 2050.0, 1422.0, 1000.0, 0.0, 0.0, 0.0, 1.0, -1
17190, CRB_INTbolDor, 1, 2077.86, 1418.85, 999.223, 0, 0, 0.707106312094, 0.707107250279, -1
17190, CRB_INTbolDor, 1, 2077.86, 1421.25, 999.223, 0, 0, -0.707106312094, 0.707107250279, -1
17190, CRB_INTbolDor, 1, 2065.72, 1418.85, 999.223, 0, 0, 0.707106312094, 0.707107250279, -1
17190, CRB_INTbolDor, 1, 2065.72, 1421.25, 999.223, 0, 0, -0.707106312094, 0.707107250279, -1
17190, CRB_INTbolDor, 1, 2065.7, 1426.32, 999.223, 0, 0, 0.707106312094, 0.707107250279, -1
17190, CRB_INTbolDor, 1, 2077.82, 1432.79, 999.223, 0, 0, 0.707106312094, 0.707107250279, -1
17190, CRB_INTbolDor, 1, 2062.05, 1422.86, 999.223, 0, 0, 0, 1, -1
17190, CRB_INTbolDor, 1, 2053.78, 1422.86, 999.223, 0, 0, 0, 1, -1
17190, CRB_INTbolDor, 1, 2031.09, 1422.86, 999.223, 0, 0, 0, 1, -1
17190, CRB_INTbolDor, 1, 2013.24, 1417.2, 999.223, 0, 0, 0.999999999999, 1.32679489668e-06, -1
17190, CRB_INTbolDor, 1, 2029.89, 1417.2, 999.223, 0, 0, 0.999999999999, 1.32679489668e-06, -1
17190, CRB_INTbolDor, 1, 2045.08, 1417.2, 999.223, 0, 0, 0.999999999999, 1.32679489668e-06, -1
17190, CRB_INTbolDor, 1, 2060.85, 1417.2, 999.223, 1.32679665706e-06, 1.32679665706e-06, -0.999999999997, -1.32679641628e-06, -1
17190, CRB_INTbolDor, 1, 2049.64, 1411.86, 999.223, 1.32679665706e-06, 1.32679665706e-06, -0.999999999997, -1.32679641628e-06, -1
#17191, bandos_1, 1, 2500.0, 1500.0, 1050.0, 0.0, 0.0, 0.0, 1.0, -1
#17192, bandos_2, 1, 2500.0, 1500.0, 1050.0, 0.0, 0.0, 0.0, 1.0, -1
#17193, bandos_3, 1, 2500.0, 1500.0, 1050.0, 0.0, 0.0, 0.0, 1.0, -1
#17194, bandos_4, 1, 2500.0, 1500.0, 1050.0, 0.0, 0.0, 0.0, 1.0, -1
#17195, bandos_5, 1, 2500.0, 1500.0, 1050.0, 0.0, 0.0, 0.0, 1.0, -1
#17196, bandos_6, 1, 2500.0, 1500.0, 1050.0, 0.0, 0.0, 0.0, 1.0, -1
#17197, bandos_7, 1, 2500.0, 1500.0, 1050.0, 0.0, 0.0, 0.0, 1.0, -1
#17198, bandos_8, 1, 2500.0, 1500.0, 1050.0, 0.0, 0.0, 0.0, 1.0, -1
#17199, bandos_9, 1, 2500.0, 1500.0, 1050.0, 0.0, 0.0, 0.0, 1.0, -1
#17200, bandos_10, 1, 2500.0, 1500.0, 1050.0, 0.0, 0.0, 0.0, 1.0, -1
#17201, bandos_11, 1, 2500.0, 1500.0, 1050.0, 0.0, 0.0, 0.0, 1.0, -1
#17202, bandos_12, 1, 2500.0, 1500.0, 1050.0, 0.0, 0.0, 0.0, 1.0, -1
#17203, bandos_13, 1, 2500.0, 1500.0, 1050.0, 0.0, 0.0, 0.0, 1.0, -1
#17204, bandos_14, 1, 2500.0, 1500.0, 1050.0, 0.0, 0.0, 0.0, 1.0, -1
#17205, bandos_15, 1, 2500.0, 1500.0, 1050.0, 0.0, 0.0, 0.0, 1.0, -1
#17206, bandos_16, 1, 2500.0, 1500.0, 1050.0, 0.0, 0.0, 0.0, 1.0, -1
#17207, bandos_17, 1, 2500.0, 1500.0, 1050.0, 0.0, 0.0, 0.0, 1.0, -1
#17208, bandos_18, 1, 2500.0, 1500.0, 1050.0, 0.0, 0.0, 0.0, 1.0, -1
#17209, bandos_19, 1, 2500.0, 1500.0, 1050.0, 0.0, 0.0, 0.0, 1.0, -1
#17210, bandos_20, 1, 2500.0, 1500.0, 1050.0, 0.0, 0.0, 0.0, 1.0, -1
17211, Crb_intArmy1, 1, 2911.5641, 1506.96324, 1051.77302, 0.0, 0.0, 0.0, 1.0, -1
17212, Crb_intArmy3, 1, 2910.3681, 1452.9043, 1051.8415, 0.0, 0.0, 0.0, 1.0, -1
17213, Crb_intArmy4, 1, 2890.64917, 1433.3374, 1051.8415, 0.0, 0.0, 0.0, 1.0, -1
17214, Crb_intArmy5, 1, 2910.3681, 1446.9472, 1051.8415, 0.0, 0.0, 0.0, 1.0, -1
17215, Crb_intArmy2, 1, 2883.7047, 1472.6083, 1051.81875, 0.0, 0.0, 0.0, 1.0, -1
17217, XYLI_NEWS_00, 1, 1985.16641, -0.173382, 1382.25354, 0.0, 0.0, 0.0, 1.0, -1
17217, XYLI_NEWS_00, 1, 1985.16641, -0.173382, 1382.25354, 0.0, 0.0, 0.0, 1.0, -1
17218, XYLI_NEWS_01, 1, 1981.85806, 1.38976, 1380.924917, 0.0, 0.0, 0.0, 1.0, -1
17219, XYLI_NEWS_02, 1, 1976.3492, 2.06579, 1381.09996, 0.0, 0.0, 0.0, 1.0, -1
17220, XYLI_NEWS_03, 1, 1988.73045, 2.05045, 1381.2829, 0.0, 0.0, 0.0, 1.0, -1
17221, XYLI_NEWS_04, 1, 1988.4622, 1.20905, 1381.2127, 0.0, 0.0, 0.0, 1.0, -1
17222, XYLI_NEWS_05, 1, 1970.96606, -4.91852, 1381.88516, 0.0, 0.0, 0.0, 1.0, -1
17223, XYLI_NEWS_06, 1, 1985.15959, 7.83645, 1381.76902, 0.0, 0.0, 0.0, 1.0, -1
17224, XYLI_NEWS_07, 1, 1976.0488, -0.0960512, 1382.20395, 0.0, 0.0, 0.0, 1.0, -1
17225, XYLI_NEWS_08, 1, 1977.3717, -3.71275, 1381.09875, 0.0, 0.0, 0.0, 1.0, -1
17226, XYLI_NEWS_09, 1, 1986.55041, -0.201473, 1382.46863, 0.0, 0.0, 0.0, 1.0, -1
17227, XYLI_NEWS_10, 1, 1972.84601, 7.65409, 1382.28612, 0.0, 0.0, 0.0, 1.0, -1
17228, XYLI_NEWS_11, 1, 1971.67914, -15.844, 1381.94638, 0.0, 0.0, 0.0, 1.0, -1
17229, Crb_intPolice42, 1, 2900.67914, 1500.844, 1550.94638, 0.0, 0.0, 0.0, 1.0, -1
17230, Crb_intArmy6, 1, 2910.3681, 1452.9043, 1051.8415, 0.0, 0.0, 0.0, 1.0, -1
17231, CRB_IntSBU2, 1, 2900.635386, 2002.99769, 2054.18554, 0.0, 0.0, 0.0, 1.0, -1
17232, CRB_IntSBU1, 1, 2900.635386, 2002.99769, 2054.18554, 0.0, 0.0, 0.0, 1.0, -1
17233, Crb_BanSberInt, 1, 2900.0, 2500.0, 1050.0, 0.0, 0.0, 0.0, 1.0, -1
17240, XYLIosobnyak_00, 1, -10.5335, 1500.00950387, 1381.51351, 0.0, 0.0, 0.0, 1.0, -1
17241, XYLIosobnyak_01, 1, 9.24266, 1508.76509, 1382.24444, 0.0, 0.0, 0.0, 1.0, -1
17242, XYLIosobnyak_02, 1, 19.3044, 1501.99465, 1380.941415, 0.0, 0.0, 0.0, 1.0, -1
17243, XYLIosobnyak_03, 1, -10.543, 1516.1548, 1380.650036, 0.0, 0.0, 0.0, 1.0, -1
17244, XYLIosobnyak_04, 1, -14.443, 1502.45374, 1380.209651, 0.0, 0.0, 0.0, 1.0, -1
17245, XYLIosobnyak_05, 1, 0.609677, 1519.6556, 1382.26891, 0.0, 0.0, 0.0, 1.0, -1
17246, XYLIosobnyak_06, 1, -0.120861, 1508.80369, 1380.568415, 0.0, 0.0, 0.0, 1.0, -1
17247, XYLIosobnyak_07, 1, 11.9922, 1501.40303, 1380.974483, 0.0, 0.0, 0.0, 1.0, -1
17248, XYLIosobnyak_08, 1, 15.2891, 1504.20339, 1381.18183, 0.0, 0.0, 0.0, 1.0, -1
17249, XYLIosobnyak_09, 1, 0.173395, 1509.79005, 1382.42689, 0.0, 0.0, 0.0, 1.0, -1
17250, XYLIosobnyak_10, 1, -15.1231, 1508.75949, 1381.61712, 0.0, 0.0, 0.0, 1.0, -1
17251, XYLIosobnyak_11, 1, -2.39357, 1513.2159, 1381.81046, 0.0, 0.0, 0.0, 1.0, -1
17252, XYLIosobnyak_12, 1, -10.7131, 1501.5029, 1382.05415, 0.0, 0.0, 0.0, 1.0, -1
17253, XYLIosobnyak_13, 1, -9.5309, 1496.58936, 1380.863431, 0.0, 0.0, 0.0, 1.0, -1
17254, XYLIosobnyak_14, 1, -15.5221, 1506.39065, 1381.49354, 0.0, 0.0, 0.0, 1.0, -1
17255, XYLIosobnyak_15, 1, -17.6963, 1501.68694, 1381.87076, 0.0, 0.0, 0.0, 1.0, -1
17256, XYLIosobnyak_16, 1, -21.9109, 1517.0865, 1380.484137, 0.0, 0.0, 0.0, 1.0, -1
17257, XYLIosobnyak_17, 1, -0.11682, 1509.91587, 1382.2007, 0.0, 0.0, 0.0, 1.0, -1
17258, XYLIosobnyak_18, 1, -0.0355625, 1510.0177, 1382.45396, 0.0, 0.0, 0.0, 1.0, -1
17259, XYLIosobnyak_19, 1, 8.99079, 1501.37704, 1380.771591, 0.0, 0.0, 0.0, 1.0, -1
17260, XYLIosobnyak_20, 1, -14.0747, 1510.0328, 1382.30775, 0.0, 0.0, 0.0, 1.0, -1
17261, XYLIosobnyak_21, 1, 7.35486, 1505.1528, 1382.4525, 0.0, 0.0, 0.0, 1.0, -1
17262, XYLIosobnyak_22, 1, 0.398155, 1500.555243, 1381.27065, 0.0, 0.0, 0.0, 1.0, -1
17263, XYLIosobnyak_23, 1, 8.92647, 1498.67485, 1382.2332, 0.0, 0.0, 0.0, 1.0, -1
17264, XYLIosobnyak_24, 1, 0.00338364, 1505.49013, 1382.02982, 0.0, 0.0, 0.0, 1.0, -1
17265, XYLIosobnyak_25, 1, -0.055068, 1517.8968, 1381.8368, 0.0, 0.0, 0.0, 1.0, -1
17266, XYLIosobnyak_26, 1, -19.6778, 1517.0513, 1380.500257, 0.0, 0.0, 0.0, 1.0, -1
17267, XYLIosobnyak_27, 1, -0.137119, 1502.1287, 1381.50304, 0.0, 0.0, 0.0, 1.0, -1
17268, XYLIosobnyak_28, 1, -3.12045, 1497.50598, 1381.59483, 0.0, 0.0, 0.0, 1.0, -1
17269, XYLIosobnyak_29, 1, 7.26666, 1499.33773, 1382.22461, 0.0, 0.0, 0.0, 1.0, -1
17270, XYLIosobnyak_30, 1, 7.86262, 1501.22054, 1381.18935, 0.0, 0.0, 0.0, 1.0, -1
17271, XYLIosobnyak_31, 1, 4.17755, 1505.76725, 1381.39262, 0.0, 0.0, 0.0, 1.0, -1
17272, XYLIosobnyak_32, 1, 7.96519, 1501.45373, 1381.31498, 0.0, 0.0, 0.0, 1.0, -1
17273, XYLIosobnyak_33, 1, -4.99719, 1501.60064, 1381.18935, 0.0, 0.0, 0.0, 1.0, -1
17274, XYLIosobnyak_34, 1, 4.32969, 1499.594518, 1381.59483, 0.0, 0.0, 0.0, 1.0, -1
17275, XYLIosobnyak_35, 1, 6.56195, 1498.64521, 1381.5958, 0.0, 0.0, 0.0, 1.0, -1
17276, XYLIosobnyak_36, 1, 3.01789, 1495.16815, 1381.59483, 0.0, 0.0, 0.0, 1.0, -1
17277, XYLIosobnyak_37, 1, -6.88748, 1495.11628, 1381.59483, 0.0, 0.0, 0.0, 1.0, -1
17278, XYLIosobnyak_38, 1, 12.6889, 1497.36785, 1381.59483, 0.0, 0.0, 0.0, 1.0, -1
17279, XYLIosobnyak_39, 1, 4.33657, 1507.93098, 1382.2337, 0.0, 0.0, 0.0, 1.0, -1
17280, XYLIosobnyak_40, 1, 7.57047, 1505.72775, 1382.30775, 0.0, 0.0, 0.0, 1.0, -1
17281, XYLIosobnyak_41, 1, -10.3488, 1499.9047929, 1380.991219, 0.0, 0.0, 0.0, 1.0, -1
17282, XYLIosobnyak_42, 1, 2.22304, 1495.55095, 1380.657269, 0.0, 0.0, 0.0, 1.0, -1
17283, XYLIosobnyak_43, 1, -17.1648, 1502.42851, 1380.394071, 0.0, 0.0, 0.0, 1.0, -1
17284, XYLIosobnyak_44, 1, -14.9114, 1503.40832, 1380.452486, 0.0, 0.0, 0.0, 1.0, -1
17285, XYLIosobnyak_45, 1, -17.8414, 1502.0394, 1381.5843, 0.0, 0.0, 0.0, 1.0, -1
17286, XYLIosobnyak_46, 1, 13.654, 1500.898214, 1380.790645, 0.0, 0.0, 0.0, 1.0, -1
17287, XYLIosobnyak_47, 1, 13.4959, 1497.33249, 1381.38186, 0.0, 0.0, 0.0, 1.0, -1
17288, XYLIosobnyak_48, 1, -7.9236, 1495.49709, 1381.24112, 0.0, 0.0, 0.0, 1.0, -1
17289, XYLIosobnyak_49, 1, -0.158385, 1515.695, 1383.67858, 0.0, 0.0, 0.0, 1.0, -1
17290, XYLIosobnyak_50, 1, -0.158385, 1509.70579, 1383.67858, 0.0, 0.0, 0.0, 1.0, -1
17291, XYLIosobnyak_51, 1, 15.0338, 1505.06634, 1380.484137, 0.0, 0.0, 0.0, 1.0, -1
17292, XYLIosobnyak_52, 1, -3.47807, 1493.33674, 1380.484137, 0.0, 0.0, 0.0, 1.0, -1
17293, XYLIosobnyak_53, 1, -18.4957, 1501.10601, 1380.484137, 0.0, 0.0, 0.0, 1.0, -1
17294, XYLIosobnyak_54, 1, -0.03578, 1510.0425, 1382.23067, 0.0, 0.0, 0.0, 1.0, -1
17295, XYLIosobnyak_55, 1, -0.11682, 1509.91587, 1382.2007, 0.0, 0.0, 0.0, 1.0, -1
17296, XYLIblatxata_00, 1, -13.7881, 496.12864, 1380.428168, 0.0, 0.0, 0.0, 1.0, -1
17297, XYLIblatxata_01, 1, 1.39124,  500.111444, 1382.13641, 0.0, 0.0, 0.0, 1.0, -1
17298, XYLIblatxata_02, 1, -2.52722, 492.56186, 1381.16203, 0.0, 0.0, 0.0, 1.0, -1
17299, XYLIblatxata_03, 1, -7.45272, 499.9377766, 1381.85944, 0.0, 0.0, 0.0, 1.0, -1
17300, XYLIblatxata_04, 1, -10.2008, 484.7868, 1380.980985, 0.0, 0.0, 0.0, 1.0, -1
17301, XYLIblatxata_05, 1, 2.94338,  505.63851, 1381.4195, 0.0, 0.0, 0.0, 1.0, -1
17302, XYLIblatxata_06, 1, 5.07804,  504.14967, 1381.69665, 0.0, 0.0, 0.0, 1.0, -1
17303, XYLIblatxata_07, 1, 5.59912,  492.18708, 1380.626409, 0.0, 0.0, 0.0, 1.0, -1
17304, XYLIblatxata_08, 1, 3.0735,   503.07227, 1380.563151, 0.0, 0.0, 0.0, 1.0, -1
17305, XYLIblatxata_09, 1, 7.9714,   496.82919, 1381.47499, 0.0, 0.0, 0.0, 1.0, -1
17306, XYLIblatxata_10, 1, 3.53502,  487.0119, 1380.731863, 0.0, 0.0, 0.0, 1.0, -1
17307, XYLIblatxata_11, 1, -8.56608, 489.8039, 1381.91388, 0.0, 0.0, 0.0, 1.0, -1
17308, XYLIblatxata_12, 1, -8.63675, 496.06368, 1381.13686, 0.0, 0.0, 0.0, 1.0, -1
17309, XYLIblatxata_13, 1, -9.22533, 487.037, 1381.52608, 0.0, 0.0, 0.0, 1.0, -1
17310, XYLIblatxata_14, 1, -9.40618, 488.1457, 1381.72045, 0.0, 0.0, 0.0, 1.0, -1
17311, XYLIblatxata_15, 1, -5.64151, 503.56085, 1381.88528, 0.0, 0.0, 0.0, 1.0, -1
17312, XYLIblatxata_16, 1, -8.86325, 487.2755, 1381.0601, 0.0, 0.0, 0.0, 1.0, -1
17313, XYLIblatxata_17, 1, -10.3367, 487.7571, 1381.0601, 0.0, 0.0, 0.0, 1.0, -1
17314, XYLIblatxata_18, 1, -10.2008, 484.7868, 1380.980985, 0.0, 0.0, 0.0, 1.0, -1
17315, XYLIblatxata_19, 1, 1.03865,  495.67851, 1380.794429, 0.0, 0.0, 0.0, 1.0, -1
17316, XYLIblatxata_20, 1, -9.4738,  495.60417, 1380.871748, 0.0, 0.0, 0.0, 1.0, -1
17317, XYLIblatxata_21, 1, -8.86325, 487.7589, 1381.0601, 0.0, 0.0, 0.0, 1.0, -1
17318, XYLIblatxata_22, 1, -10.3367, 487.2738, 1381.0601, 0.0, 0.0, 0.0, 1.0, -1
17319, XYLIblatxata_23, 1, 7.9714,   496.82919, 1381.47499, 0.0, 0.0, 0.0, 1.0, -1
17320, XYLIblatxata_24, 1, -8.86325, 487.7589, 1381.0601, 0.0, 0.0, 0.0, 1.0, -1
17321, XYLIblatxata_25, 1, -10.3367, 487.7571, 1381.0601, 0.0, 0.0, 0.0, 1.0, -1
17322, XYLIblatxata_26, 1, -2.60538, 494.66657, 1381.90058, 0.0, 0.0, 0.0, 1.0, -1
17323, XYLIblatxata_27, 1, -2.64982, 497.16458, 1381.70053, 0.0, 0.0, 0.0, 1.0, -1
17324, XYLIblatxata_28, 1, -7.44858, 495.44742, 1380.639267, 0.0, 0.0, 0.0, 1.0, -1
17325, XYLIblatxata_29, 1, -8.36714, 495.87429, 1381.72148, 0.0, 0.0, 0.0, 1.0, -1
17326, XYLIblatxata_30, 1, 2.94338,  505.53991, 1381.06555, 0.0, 0.0, 0.0, 1.0, -1
17327, XYLIblatxata_31, 1, -9.4738,  495.60417, 1380.871748, 0.0, 0.0, 0.0, 1.0, -1
17328, XYLIblatxata_32, 1, 1.03865,  495.67851, 1380.794429, 0.0, 0.0, 0.0, 1.0, -1
17329, XYLIblatxata_33, 1, -11.1996, 488.0367, 1381.27974, 0.0, 0.0, 0.0, 1.0, -1
17330, XYLIblatxata_34, 1, -10.3367, 487.2738, 1381.0601, 0.0, 0.0, 0.0, 1.0, -1
17331, XYLIblatxata_35, 1, -8.86325, 487.2755, 1381.0601, 0.0, 0.0, 0.0, 1.0, -1
17332, XYLIblatxata_36, 1, -9.47713, 492.2613, 1380.307727, 0.0, 0.0, 0.0, 1.0, -1
17333, XYLIblatxata_37, 1, 3.00996,  497.64302, 1380.428168, 0.0, 0.0, 0.0, 1.0, -1
17334, XYLIZAKUS_00, 1, 11.1164, 1000.262704, 1381.2843, 0.0, 0.0, 0.0, 1.0, -1
17335, XYLIZAKUS_01, 1, 16.13197, 1009.80838, 1380.786827, 0.0, 0.0, 0.0, 1.0, -1
17336, XYLIZAKUS_02, 1, 8.95233, 1007.60908, 1381.85962, 0.0, 0.0, 0.0, 1.0, -1
17337, XYLIZAKUS_03, 1, 12.52795, 999.157645, 1382.10932, 0.0, 0.0, 0.0, 1.0, -1
17338, XYLIZAKUS_04, 1, 9.532225, 995.96349, 1380.486084, 0.0, 0.0, 0.0, 1.0, -1
17339, XYLIZAKUS_05, 1, 21.7425, 999.027115, 1381.48608, 0.0, 0.0, 0.0, 1.0, -1
17340, XYLIZAKUS_06, 1, 13.30371, 993.37256, 1380.486084, 0.0, 0.0, 0.0, 1.0, -1
17341, XYLIZAKUS_07, 1, 12.84266, 999.748076, 1380.882324, 0.0, 0.0, 0.0, 1.0, -1
17342, XYLIZAKUS_08, 1, 10.0509894, 1001.07016, 1382.00385, 0.0, 0.0, 0.0, 1.0, -1
17343, XYLIZAKUS_09, 1, 12.31635, 1001.10865, 1382.5018, 0.0, 0.0, 0.0, 1.0, -1
17344, XYLIZAKUS_10, 1, 12.31697, 1001.08075, 1382.49898, 0.0, 0.0, 0.0, 1.0, -1
17345, XYLIZAKUS_11, 1, 12.35192, 1001.08075, 1382.50484, 0.0, 0.0, 0.0, 1.0, -1
17346, XYLIZAKUS_12, 1, 6.89975, 1009.00287, 1381.26509, 0.0, 0.0, 0.0, 1.0, -1
17347, XYLIZAKUS_13, 1, 12.35859, 1000.582012, 1381.73668, 0.0, 0.0, 0.0, 1.0, -1
17348, XYLIZAKUS_14, 1, 12.14506, 998.36372, 1382.23118, 0.0, 0.0, 0.0, 1.0, -1
17349, XYLIZAKUS_15, 1, 14.90273, 1001.49058, 1383.0008, 0.0, 0.0, 0.0, 1.0, -1
17350, XYLIZAKUS_16, 1, 12.31697, 1001.08075, 1382.49898, 0.0, 0.0, 0.0, 1.0, -1
17351, XYLIZAKUS_17, 1, 12.31635, 1001.10865, 1382.5018, 0.0, 0.0, 0.0, 1.0, -1
17352, Crb_DorsSbu1, 1, 2905.4264, 2000.822306, 2050.0143917, 0.0, 0.0,   0.999999999999, 1.32679489668e-06, -1
17352, Crb_DorsSbu1, 1, 2900.284699, 2000.822306, 2050.0143917, 0.0, 0.0, 0.999999999999, 1.32679489668e-06, -1
17352, Crb_DorsSbu1, 1, 2897.8847, 2000.822306, 2050.0143917, 0.0, 0.0,   0, 1, -1
17352, Crb_DorsSbu1, 1, 2884.6143, 2000.822306, 2050.0143917, 0.0, 0.0,   0.999999999999, 1.32679489668e-06, -1
17352, Crb_DorsSbu1, 1, 2925.827, 2000.822306, 2050.0143917, 0.0, 0.0,    0.999999999999, 1.32679489668e-06, -1
17352, Crb_DorsSbu1, 1, 2923.427, 2000.822306, 2050.0143917, 0.0, 0.0,    0, 1, -1
17352, Crb_DorsSbu1, 1, 2921.5141, 2005.25199, 2050.0143917, 0.0, 0.0,    0.707106312094, 0.707107250279, -1
17352, Crb_DorsSbu1, 1, 2921.5141, 2002.85199, 2050.0143917, 0.0, 0.0,    0.707108188464, -0.707105373907, -1
17352, Crb_DorsSbu1, 1, 2904.22639, 2006.90793, 2050.0143917, 0.0, 0.0,   0, 1, -1
17352, Crb_DorsSbu1, 1, 2883.4143, 2006.90793, 2050.0143917, 0.0, 0.0,    0, 1, -1
17352, Crb_DorsSbu1, 1, 2901.9647, 2009.72895, 2050.0143917, 0.0, 0.0,    0.707108188464, -0.707105373907, -1
17352, Crb_DorsSbu1, 1, 2909.53144, 2010.9289, 2050.0143917, 0.0, 0.0,    0.707106312094, 0.707107250279, -1
17352, Crb_DorsSbu1, 1, 2921.5141, 2002.85199, 2054.8815, 0.0, 0.0,       0.707108188464, -0.707105373907, -1
17352, Crb_DorsSbu1, 1, 2921.5141, 2005.25199, 2054.8815, 0.0, 0.0,       0.707106312094, 0.707107250279, -1
17352, Crb_DorsSbu1, 1, 2900.284699, 2000.838152, 2054.8815, 0.0, 0.0,    0.999999999999, 1.32679489668e-06, -1
17352, Crb_DorsSbu1, 1, 2897.8847, 2000.838152, 2054.8815, 0.0, 0.0,      0, 1, -1
17352, Crb_DorsSbu1, 1, 2883.4143, 2000.838152, 2054.8815, 0.0, 0.0,      0, 1, -1
17352, Crb_DorsSbu1, 1, 2883.4143, 2006.88774, 2054.8815, 0.0, 0.0,       0, 1, -1
17352, Crb_DorsSbu1, 1, 2904.22639, 2006.88774, 2054.8815, 0.0, 0.0,      0, 1, -1
17352, Crb_DorsSbu1, 1, 2908.65664, 2000.838152, 2054.8815, 0.0, 0.0,     0, 1, -1
17352, Crb_DorsSbu1, 1, 2891.91847, 2006.88774, 2054.8815, 0.0, 0.0,      0, 1, -1
17352, Crb_DorsSbu1, 1, 2909.47943, 2010.9289, 2054.8815, 0.0, 0.0,       0.707106312094, 0.707107250279, -1
17352, Crb_DorsSbu1, 1, 2897.8847, 1948.5576, 2054.8815, 0.0, 0.0,        0.707108188464, -0.707105373907, -1
17192, Crb_dorsAvSk1, 1, 2964.881, 1500.0, 1050.0, 0.0, 0.0, 0.0, 1.0, -1
17192, Crb_dorsAvSk1, 1, 2910.5288, 1533.1144, 1050.017458, 0.0, 0.0, 1.0, 0.0, -1
17192, Crb_dorsAvSk1, 1, 2910.5288, 1541.9973, 1050.017458, 0.0, 0.0, 1.0, 0.0, -1
17192, Crb_dorsAvSk1, 1, 2910.5288, 1549.5114, 1050.017458, 0.0, 0.0, 1.0, 0.0, -1
17192, Crb_dorsAvSk1, 1, 2905.22374, 1507.15021, 1050.017458, 0.0, 0.0, 1.0, 0.0, -1
17192, Crb_dorsAvSk1, 1, 2906.31456, 1499.275991, 1050.017458, 0.0, 0.0, 1.0, 0.0, -1
17192, Crb_dorsAvSk1, 1, 2910.5531, 1496.74236, 1050.017458, 0.0, 0.0, 1.0, 0.0, -1
17192, Crb_dorsAvSk1, 1, 2914.8526, 1460.2682, 1050.017458, 0.0, 0.0, -0.707107, 0.707107, -1
17192, Crb_dorsAvSk1, 1, 2908.45191, 1460.2526, 1050.017458, 0.0, 0.0, -0.707107, 0.707107, -1
17192, Crb_dorsAvSk1, 1, 2894.62883, 1460.2771, 1050.017458, 0.0, 0.0, -0.707107, 0.707107, -1
17192, Crb_dorsAvSk1, 1, 2894.06327, 1467.8897, 1050.017458, 0.0, 0.0, -0.707107, 0.707107, -1
17192, Crb_dorsAvSk1, 1, 2890.12564, 1464.568, 1050.017458, 0.0, 0.0, 0.0, 1.0, -1
17192, Crb_dorsAvSk1, 1, 2878.0372, 1452.3191, 1050.017458, 0.0, 0.0, 0.0, 1.0, -1
17192, Crb_dorsAvSk1, 1, 2900.309036, 1419.0679, 1050.017458, 0.0, 0.0, 0.0, 1.0, -1
17192, Crb_dorsAvSk1, 1, 2902.32445, 1423.6673, 1050.017458, 0.0, 0.0, -0.707107, 0.707107, -1
17192, Crb_dorsAvSk1, 1, 2905.55317, 1435.1417, 1050.017458, 0.0, 0.0, 0.0, 1.0, -1
17192, Crb_dorsAvSk1, 1, 2905.55317, 1432.7417, 1050.017458, 0.0, 0.0, 1.0, 0.0, -1
17192, Crb_dorsAvSk1, 1, 2900.326558, 1432.7417, 1050.017458, 0.0, 0.0, 1.0, 0.0, -1
17192, Crb_dorsAvSk1, 1, 2900.326558, 1435.1417, 1050.017458, 0.0, 0.0, 0.0, 1.0, -1
17192, Crb_dorsAvSk1, 1, 2900.310047, 1445.7522, 1050.017458, 0.0, 0.0, 1.0, 0.0, -1
17192, Crb_dorsAvSk1, 1, 2881.4984, 1460.2296, 1050.017458, 0.0, 0.0, 0.707107, 0.707107, -1
17192, Crb_dorsAvSk1, 1, 2869.5307, 1467.8783, 1050.017458, 0.0, 0.0, -0.707107, 0.707107, -1
17192, Crb_dorsAvSk1, 1, 2907.61385, 1505.25696, 1050.017458, 0.0, 0.0, -0.707107, 0.707107, -1
17192, Crb_dorsAvSk1, 1, 2915.8949, 1505.18718, 1050.017458, 0.0, 0.0, 0.707107, 0.707107, -1
17192, Crb_dorsAvSk1, 1, 2913.4949, 1505.18718, 1050.017458, 0.0, 0.0, -0.707107, 0.707107, -1
17353, Crb_BankSpD, 1, 2912.2265, 2510.1538, 1050.02, 0.0, 0.0,  0.707106312094, 0.707107250279, -1
17353, Crb_BankSpD, 1, 2902.49, 2494.8851, 1050.02, 0.0, 0.0,    0.707108188464, -0.707105373907, -1
17353, Crb_BankSpD, 1, 2894.8301, 2495.7321, 1050.02, 0.0, 0.0,  0.707108188464, -0.707105373907, -1
17353, Crb_BankSpD, 1, 2895.8615, 2491.41114, 1050.02, 0.0, 0.0, 0.173648032485, 0.984807778612, -1
17354, sberbaba, 1, 2897.48018, 2499.660262, 1050.954423, 0.5, 0.5, 0.5, 0.5, -1
17354, sberbaba, 1, 2898.54058, 2502.54808, 1050.954423, 0.5, 0.5, 0.5, 0.5, -1
17354, sberbaba, 1, 2899.9296693, 2506.45588, 1050.954423, 0.5, 0.5, 0.5, 0.5, -1
17354, sberbaba, 1, 2900.837199, 2508.799, 1050.954423, 0.5, 0.5, 0.5, 0.5, -1
17354, sberbaba, 1, 2901.96856, 2512.0093, 1050.954423, 0.5, 0.5, 0.5, 0.5, -1
#
17355, Crb_dorsAv01, 1, 2898.33214, 1473.63427, 1550.94638, 0.0, 0.0, 0.0, 1.0, -1
17355, Crb_dorsAv01, 1, 2902.28196, 1494.59578, 1550.963838, 0.0, 0.0, 0.0, 1.0, -1
17355, Crb_dorsAv01, 1, 2902.28196, 1499.47725, 1550.963838, 0.0, 0.0, 0.0, 1.0, -1
17355, Crb_dorsAv01, 1, 2902.28196, 1504.82563, 1550.963838, 0.0, 0.0, 0.0, 1.0, -1
17355, Crb_dorsAv01, 1, 2905.6675, 1493.99578, 1550.963838, 0.0, 0.0, 1.0, 0.0, -1
17355, Crb_dorsAv01, 1, 2905.6675, 1502.623648, 1550.963838, 0.0, 0.0, 1.0, 0.0, -1
17355, Crb_dorsAv01, 1, 2902.83909, 1507.07411, 1550.963838, 0.0, 0.0, -0.707107, 0.707107, -1
17355, Crb_dorsAv01, 1, 2905.23909, 1507.07411, 1550.963838, 0.0, 0.0, 0.707107, 0.707107, -1
17355, Crb_dorsAv01, 1, 2883.40571, 1490.56847, 1550.963838, 0.0, 0.0, -0.707107, 0.707107, -1
17355, Crb_dorsAv01, 1, 2880.09981, 1501.158253, 1550.963838, 0.0, 0.0, 1.0, 0.0, -1
17355, Crb_dorsAv01, 1, 2880.11101, 1512.85967, 1550.963838, 0.0, 0.0, 1.0, 0.0, -1
17355, Crb_dorsAv01, 1, 2876.37601, 1512.85967, 1550.963838, 0.0, 0.0, 1.0, 0.0, -1
17355, Crb_dorsAv01, 1, 2885.97731, 1494.84592, 1550.963838, 0.0, 0.0, 1.0, 0.0, -1
17355, Crb_dorsAv01, 1, 2920.84731, 1490.55277, 1550.963838, 0.0, 0.0, -0.707107, 0.707107, -1
17355, Crb_dorsAv01, 1, 2929.66091, 1490.54707, 1550.963838, 0.0, 0.0, -0.707107, 0.707107, -1
17355, Crb_dorsAv01, 1, 2919.73051, 1507.05048, 1550.963838, 0.0, 0.0, -0.707107, 0.707107, -1
17537, zapr1, 0, 2869.71802, 535.65167, 28.95243, -0.00781544, 0.0059001, 0.0201383, 0.999749, -1
17538, zapr2, 0, 2874.59839, 540.22955, 23.83853, 0.0, 0.0, 0.0, 1.0, -1
17539, zapr3, 0, 2891.62817, 540.22955, 24.85753, 0.0, 0.0, 0.0, 1.0, -1
17540, zapr4, 0, 2893.93823, 540.22760, 29.10023, 0.0, 0.0, 0.0, 1.0, -1
17541, zapr1111, 0, 2667.98, 2608.94, 19.6015, -0.00878018, 0.0117276, -0.00151581, 0.999892, -1
17542, zapr22, 0, 2672.11, 2614.33, 13.074, 0.0, 0.0, 0.0, 1.0, -1
17543, zapr33, 0, 2688.84, 2617.55, 15.3154, 0.0, 0.0, 0.0, 1.0, -1
17544, zapr44, 0, 2691.11, 2617.92, 19.7177, 0.0, 0.0, 0.0, 1.0, -1
17545, zapr11, 0, -887.689, 1476.66, 29.8544, 0.000947352, 0.00225697, 0.0356288, 0.999362, -1
17546, zapr222,  0, -891.576, 1483.07, 23.6937, 0.0, 0.0, 0.0, 1.0, -1
17547, zapr333, 0, -885.968, 1499.19, 25.6313, 0.0, 0.0, 0.0, 1.0, -1
17548, zapr4444, 0, -884.998, 1501.08, 29.9009, 0.0, 0.0, 0.0, 1.0, -1
17549, zapr111, 0, 2361.73, -758.64, 16.9362, 0.0, 0.0, 0.0, 1.0, -1
17550, zapr2222, 0, 2366.79, -763.187, 10.6665, 0.0, 0.0, 0.0, 1.0, -1
17551, zapr3333, 0, 2367.48, -780.236, 12.3681, 0.0, 0.0, 0.0, 1.0, -1
17552, zapr444, 0, 2367.62, -782.619, 16.5488, 0.0, 0.0, 0.0, 1.0, -1
7200, colonka111, 0, 2368.26, -766.796, 14.1314, 0.0, 0.0, 0.0, 1.0, -1
7201, colonka11, 0, -890.62598, 1486.77002, 27.41070, 0.000947421, 0.00225697, 0.0356288, 0.999362, -1
7202, colonka1, 0, 2878.23804, 541.85858, 26.36103, -0.00781544, 0.0059001, 0.0201383, 0.999749, -1
7203, colonka1111, 0, 2674.95, 2616.87, 17.1038, -0.00878018, 0.0117276, -0.00151581, 0.999892, -1
#17553, ter04, 0, -908.421, 1157.02, 2.84821, 0.0, 0.0, 0.0, 1.0, -1
17554, terr06, 0, -897.506, 837.137, 11.3639, 0.0, 0.0, 0.0, 1.0, -1
#17555, terr01, 0, -1007.73, 798.641, 51.9487, 0.0, 0.0, 0.0, 1.0, -1
#17556, terr02, 0, -596.598, 849.46, 5.45758, 0.0, 0.0, 0.0, 1.0, -1
17557, terr03, 0, -636.781, 1177.51, 4.39276, 0.0, 0.0, 0.0, 1.0, -1
17558, terr05, 0, -627.406, 843.536, 11.364, 0.0, 0.0, 0.0, 1.0, -1
#17559, Ater04, 0, -908.421, 1157.02, 2.84821, 0.0, 0.0, 0.0, 1.0, -1
17560, Aterr06, 0, -897.506, 837.137, 11.3639, 0.0, 0.0, 0.0, 1.0, -1
#17561, Aterr01, 0, -1007.73, 798.641, 51.9487, 0.0, 0.0, 0.0, 1.0, -1
#17562, Aterr02, 0, -596.598, 849.46, 5.45758, 0.0, 0.0, 0.0, 1.0, -1
17563, Aterr03, 0, -636.781, 1177.51, 4.39276, 0.0, 0.0, 0.0, 1.0, -1
17564, Aterr05, 0, -627.406, 843.536, 11.364, 0.0, 0.0, 0.0, 1.0, -1
17565, Rublevka_dom_1_1, 0, -681.449, 745.567, 16.938, 0.0, 0.0, -0.707107, 0.707107, -1
17566, Rublevka_dom_3_3, 0, -679.137, 845.68, 18.347, 0.0, 0.0, -0.707107, 0.707107, -1
17567, Rublevka_dom_2_2, 0, -681.648, 800.289, 18.1403, 0.0, 0.0, -0.707107, 0.707107, -1
17568, Rublevka_dom_1, 0, -680.27, 749.113, 13.6944, 0.0, 0.0, -0.707107, 0.707107, -1
17569, Rublevka_dom_2, 0, -680.321, 797.145, 13.6944, 0.0, 0.0, -0.707107, 0.707107, -1
17570, Rublevka_dom_3, 0, -680.23, 845.258, 13.6944, 0.0, 0.0, -0.707107, 0.707107, -1
17568, Rublevka_dom_1, 0, -724.984, 845.238, 13.6944, 0.0, 0.0, 0.707107, 0.707107, -1
17565, Rublevka_dom_1_1, 0, -723.804, 848.784, 16.938, 0.0, 0.0, 0.707107, 0.707107, -1
17569, Rublevka_dom_2, 0, -724.933, 797.205, 13.6944, 0.0, 0.0, 0.707107, 0.707107, -1
17567, Rublevka_dom_2_2, 0, -723.606, 794.062, 18.1403, 0.0, 0.0, 0.707107, 0.707107, -1
17570, Rublevka_dom_3, 0, -725.024, 749.092, 13.6944, 0.0, 0.0, 0.707107, 0.707107, -1
17566, Rublevka_dom_3_3, 0, -726.117, 748.671, 18.347, 0.0, 0.0, 0.707107, 0.707107, -1
17568, Rublevka_dom_1, 0, -842.948, 845.238, 13.6944, 0.0, 0.0, 0.707107, 0.707107, -1
17565, Rublevka_dom_1_1, 0, -841.769, 848.784, 16.938, 0.0, 0.0, 0.707107, 0.707107, -1
17569, Rublevka_dom_2, 0, -842.897, 797.205, 13.6944, 0.0, 0.0, 0.707107, 0.707107, -1
17568, Rublevka_dom_1, 0, -797.36, 749.113, 13.6944, 0.0, 0.0, -0.707107, 0.707107, -1
17567, Rublevka_dom_2_2, 0, -841.57, 794.062, 18.1403, 0.0, 0.0, 0.707107, 0.707107, -1
17570, Rublevka_dom_3, 0, -842.988, 749.092, 13.6944, 0.0, 0.0, 0.707107, 0.707107, -1
17566, Rublevka_dom_3_3, 0, -844.081, 748.671, 18.347, 0.0, 0.0, 0.707107, 0.707107, -1
17565, Rublevka_dom_1_1, 0, -798.54, 745.567, 16.938, 0.0, 0.0, -0.707107, 0.707107, -1
17569, Rublevka_dom_2, 0, -797.411, 797.145, 13.6944, 0.0, 0.0, -0.707107, 0.707107, -1
17567, Rublevka_dom_2_2, 0, -798.738, 800.289, 18.1403, 0.0, 0.0, -0.707107, 0.707107, -1
17570, Rublevka_dom_3, 0, -797.32, 845.258, 13.6944, 0.0, 0.0, -0.707107, 0.707107, -1
17566, Rublevka_dom_3_3, 0, -796.227, 845.68, 18.347, 0.0, 0.0, -0.707107, 0.707107, -1
17568, Rublevka_dom_1, 0, -968.833, 845.238, 13.6944, 0.0, 0.0, 0.707107, 0.707107, -1
17565, Rublevka_dom_1_1, 0, -967.654, 848.784, 16.938, 0.0, 0.0, 0.707107, 0.707107, -1
17569, Rublevka_dom_2, 0, -968.782, 797.205, 13.6944, 0.0, 0.0, 0.707107, 0.707107, -1
17568, Rublevka_dom_1, 0, -915.328, 749.113, 13.6944, 0.0, 0.0, -0.707107, 0.707107, -1
17567, Rublevka_dom_2_2, 0, -967.456, 794.062, 18.1403, 0.0, 0.0, 0.707107, 0.707107, -1
17570, Rublevka_dom_3, 0, -968.874, 749.092, 13.6944, 0.0, 0.0, 0.707107, 0.707107, -1
17566, Rublevka_dom_3_3, 0, -969.967, 748.671, 18.347, 0.0, 0.0, 0.707107, 0.707107, -1
17565, Rublevka_dom_1_1, 0, -916.508, 745.567, 16.938, 0.0, 0.0, -0.707107, 0.707107, -1
17569, Rublevka_dom_2, 0, -915.379, 797.145, 13.6944, 0.0, 0.0, -0.707107, 0.707107, -1
17567, Rublevka_dom_2_2, 0, -916.706, 800.289, 18.1403, 0.0, 0.0, -0.707107, 0.707107, -1
17570, Rublevka_dom_3, 0, -915.288, 845.258, 13.6944, 0.0, 0.0, -0.707107, 0.707107, -1
17566, Rublevka_dom_3_3, 0, -914.195, 845.68, 18.347, 0.0, 0.0, -0.707107, 0.707107, -1
17568, Rublevka_dom_1, 0, -779.303, 915.186, 13.6944, 0.0, 0.0, 0.0, 1.0, -1
17565, Rublevka_dom_1_1, 0, -782.849, 916.365, 16.938, 0.0, 0.0, 0.0, 1.0, -1
17569, Rublevka_dom_2, 0, -728.911, 915.237, 13.6944, 0.0, 0.0, 0.0, 1.0, -1
17567, Rublevka_dom_2_2, 0, -725.768, 916.564, 18.1403, 0.0, 0.0, 0.0, 1.0, -1
17570, Rublevka_dom_3, 0, -677.77, 915.146, 13.6944, 0.0, 0.0, 0.0, 1.0, -1
17566, Rublevka_dom_3_3, 0, -677.348, 914.053, 18.347, 0.0, 0.0, 0.0, 1.0, -1
17568, Rublevka_dom_1, 0, -926.855, 915.186, 13.6944, 0.0, 0.0, 0.0, 1.0, -1
17565, Rublevka_dom_1_1, 0, -930.402, 916.365, 16.938, 0.0, 0.0, 0.0, 1.0, -1
17569, Rublevka_dom_2, 0, -876.464, 915.237, 13.6944, 0.0, 0.0, 0.0, 1.0, -1
17567, Rublevka_dom_2_2, 0, -873.32, 916.564, 18.1403, 0.0, 0.0, 0.0, 1.0, -1
17570, Rublevka_dom_3, 0, -825.322, 915.146, 13.6944, 0.0, 0.0, 0.0, 1.0, -1
17566, Rublevka_dom_3_3, 0, -824.9, 914.053, 18.347, 0.0, 0.0, 0.0, 1.0, -1
17570, Rublevka_dom_3, 0, -971.321, 915.146, 13.6944, 0.0, 0.0, 0.0, 1.0, -1
17566, Rublevka_dom_3_3, 0, -970.9, 914.053, 18.347, 0.0, 0.0, 0.0, 1.0, -1
#
17571, ARublevka_dom_1_1, 0, -681.449, 745.567, 16.938, 0.0, 0.0, -0.707107, 0.707107, -1
17572, ARublevka_dom_3_3, 0, -679.137, 845.68, 18.347, 0.0, 0.0, -0.707107, 0.707107, -1
17573, ARublevka_dom_2_2, 0, -681.648, 800.289, 18.1403, 0.0, 0.0, -0.707107, 0.707107, -1
17574, ARublevka_dom_1, 0, -680.27, 749.113, 13.6944, 0.0, 0.0, -0.707107, 0.707107, -1
17575, ARublevka_dom_2, 0, -680.321, 797.145, 13.6944, 0.0, 0.0, -0.707107, 0.707107, -1
17576, ARublevka_dom_3, 0, -680.23, 845.258, 13.6944, 0.0, 0.0, -0.707107, 0.707107, -1
17574, ARublevka_dom_1, 0, -724.984, 845.238, 13.6944, 0.0, 0.0, 0.707107, 0.707107, -1
17571, ARublevka_dom_1_1, 0, -723.804, 848.784, 16.938, 0.0, 0.0, 0.707107, 0.707107, -1
17575, ARublevka_dom_2, 0, -724.933, 797.205, 13.6944, 0.0, 0.0, 0.707107, 0.707107, -1
17573, ARublevka_dom_2_2, 0, -723.606, 794.062, 18.1403, 0.0, 0.0, 0.707107, 0.707107, -1
17576, ARublevka_dom_3, 0, -725.024, 749.092, 13.6944, 0.0, 0.0, 0.707107, 0.707107, -1
17572, ARublevka_dom_3_3, 0, -726.117, 748.671, 18.347, 0.0, 0.0, 0.707107, 0.707107, -1
17574, ARublevka_dom_1, 0, -842.948, 845.238, 13.6944, 0.0, 0.0, 0.707107, 0.707107, -1
17571, ARublevka_dom_1_1, 0, -841.769, 848.784, 16.938, 0.0, 0.0, 0.707107, 0.707107, -1
17575, ARublevka_dom_2, 0, -842.897, 797.205, 13.6944, 0.0, 0.0, 0.707107, 0.707107, -1
17574, ARublevka_dom_1, 0, -797.36, 749.113, 13.6944, 0.0, 0.0, -0.707107, 0.707107, -1
17573, ARublevka_dom_2_2, 0, -841.57, 794.062, 18.1403, 0.0, 0.0, 0.707107, 0.707107, -1
17576, ARublevka_dom_3, 0, -842.988, 749.092, 13.6944, 0.0, 0.0, 0.707107, 0.707107, -1
17572, ARublevka_dom_3_3, 0, -844.081, 748.671, 18.347, 0.0, 0.0, 0.707107, 0.707107, -1
17571, ARublevka_dom_1_1, 0, -798.54, 745.567, 16.938, 0.0, 0.0, -0.707107, 0.707107, -1
17575, ARublevka_dom_2, 0, -797.411, 797.145, 13.6944, 0.0, 0.0, -0.707107, 0.707107, -1
17573, ARublevka_dom_2_2, 0, -798.738, 800.289, 18.1403, 0.0, 0.0, -0.707107, 0.707107, -1
17576, ARublevka_dom_3, 0, -797.32, 845.258, 13.6944, 0.0, 0.0, -0.707107, 0.707107, -1
17572, ARublevka_dom_3_3, 0, -796.227, 845.68, 18.347, 0.0, 0.0, -0.707107, 0.707107, -1
17574, ARublevka_dom_1, 0, -968.833, 845.238, 13.6944, 0.0, 0.0, 0.707107, 0.707107, -1
17571, ARublevka_dom_1_1, 0, -967.654, 848.784, 16.938, 0.0, 0.0, 0.707107, 0.707107, -1
17575, ARublevka_dom_2, 0, -968.782, 797.205, 13.6944, 0.0, 0.0, 0.707107, 0.707107, -1
17574, ARublevka_dom_1, 0, -915.328, 749.113, 13.6944, 0.0, 0.0, -0.707107, 0.707107, -1
17573, ARublevka_dom_2_2, 0, -967.456, 794.062, 18.1403, 0.0, 0.0, 0.707107, 0.707107, -1
17576, ARublevka_dom_3, 0, -968.874, 749.092, 13.6944, 0.0, 0.0, 0.707107, 0.707107, -1
17572, ARublevka_dom_3_3, 0, -969.967, 748.671, 18.347, 0.0, 0.0, 0.707107, 0.707107, -1
17571, ARublevka_dom_1_1, 0, -916.508, 745.567, 16.938, 0.0, 0.0, -0.707107, 0.707107, -1
17575, ARublevka_dom_2, 0, -915.379, 797.145, 13.6944, 0.0, 0.0, -0.707107, 0.707107, -1
17573, ARublevka_dom_2_2, 0, -916.706, 800.289, 18.1403, 0.0, 0.0, -0.707107, 0.707107, -1
17576, ARublevka_dom_3, 0, -915.288, 845.258, 13.6944, 0.0, 0.0, -0.707107, 0.707107, -1
17572, ARublevka_dom_3_3, 0, -914.195, 845.68, 18.347, 0.0, 0.0, -0.707107, 0.707107, -1
17574, ARublevka_dom_1, 0, -779.303, 915.186, 13.6944, 0.0, 0.0, 0.0, 1.0, -1
17571, ARublevka_dom_1_1, 0, -782.849, 916.365, 16.938, 0.0, 0.0, 0.0, 1.0, -1
17575, ARublevka_dom_2, 0, -728.911, 915.237, 13.6944, 0.0, 0.0, 0.0, 1.0, -1
17573, ARublevka_dom_2_2, 0, -725.768, 916.564, 18.1403, 0.0, 0.0, 0.0, 1.0, -1
17576, ARublevka_dom_3, 0, -677.77, 915.146, 13.6944, 0.0, 0.0, 0.0, 1.0, -1
17572, ARublevka_dom_3_3, 0, -677.348, 914.053, 18.347, 0.0, 0.0, 0.0, 1.0, -1
17574, ARublevka_dom_1, 0, -926.855, 915.186, 13.6944, 0.0, 0.0, 0.0, 1.0, -1
17571, ARublevka_dom_1_1, 0, -930.402, 916.365, 16.938, 0.0, 0.0, 0.0, 1.0, -1
17575, ARublevka_dom_2, 0, -876.464, 915.237, 13.6944, 0.0, 0.0, 0.0, 1.0, -1
17573, ARublevka_dom_2_2, 0, -873.32, 916.564, 18.1403, 0.0, 0.0, 0.0, 1.0, -1
17576, ARublevka_dom_3, 0, -825.322, 915.146, 13.6944, 0.0, 0.0, 0.0, 1.0, -1
17572, ARublevka_dom_3_3, 0, -824.9, 914.053, 18.347, 0.0, 0.0, 0.0, 1.0, -1
17576, ARublevka_dom_3, 0, -971.321, 915.146, 13.6944, 0.0, 0.0, 0.0, 1.0, -1
17572, ARublevka_dom_3_3, 0, -970.9, 914.053, 18.347, 0.0, 0.0, 0.0, 1.0, -1
17577, Inta_kVcrb01, 1, 2901.2063, 1503.83301, 1999.9999997616, 0.0, 0.0, 0.0, 1.0, -1
17578, dors_ko1, 1, 2906.19041, 1501.05546, 2001.1337, 0.0, 0.0, 0.0, 1.0, -1
17578, dors_ko1, 1, 2900.529229, 1503.07558, 2001.1337, 0.0, 0.0, 0.707107, 0.707107, -1
17578, dors_ko1, 1, 2901.56241, 1506.84626, 2001.1337, 0.0, 0.0, 1.0, 0.0, -1
17583, ostan, 0, 2617.17, -2068.6, 22.6638, 0.0, 0.0, 0.707107, 0.707107, -1
#17583, ostan, 0, 2641.27, 1240.77, 22.5398, 0.0, 0.0, 0.484922, 0.874557, -1
17583, ostan, 0, 2331.62, 1917.12, 16.3987, -0.00264193, 0.00129245, -0.0784009, 0.996918, -1
17583, ostan, 0, 1896.45, 2241.43, 16.5463, 0.0, 0.0, 0.707107, 0.707107, -1
17583, ostan, 0, 1781.26, 2523.27, 16.6711, 0.0, 0.0, -0.248138, 0.968725, -1
17583, ostan, 0, 1882.78, 2234.43, 16.4468, 0.0, 0.0, -0.709178, 0.705029, -1
17583, ostan, 0, 2386.56, 1891.74, 15.755, 0.0, 0.0, 0.999649, 0.026483, -1
17583, ostan, 0, 2583.05, -2092.65, 22.6242, 0.0, 0.0, -0.707107, 0.707107, -1
17583, ostan, 0, 2776.39, -2446.49, 22.5459, 0.0, 0.0, 0.707107, 0.707107, -1
17583, ostan, 0, 1909.71, -2262.28, 11.688, 0.0, 0.0, 1.0, 0.0, -1
17583, ostan, 0, 2270.39, -2166.98, 22.6354, 0.0, 0.0, 1.0, 0.0, -1
17583, ostan, 0, 2642.38, 1238.31, 22.7835, 0.0, 0.0, 0.481043, 0.876697, -1
17583, ostan, 0, 368.373, 1806.17, 12.8795, 0.0, 0.0, -0.570789, 0.821097, -1
17583, ostan, 0, 137.905, 1436.9, 12.8804, 0.0, 0.0, -0.629132, 0.777298, -1
17583, ostan, 0, -7.78579, 896.141, 12.9266, 0.0, 0.0, 0.177629, 0.984098, -1
17583, ostan, 0, -141.446, 946.549, 12.8768, 0.0, 0.0, 0.178012, 0.984028, -1
17583, ostan, 0, -1226.35, 1659.54, 36.047, 0.0, 0.0, 0.413014, 0.910725, -1
17583, ostan, 0, -1049.65, 2157.06, 38.9949, 0.0, 0.0, 0.885252, 0.465112, -1
17583, ostan, 0, -258.587, 585.331, 13.0663, 0.0, 0.0, 0.998096, -0.0616805, -1
17583, ostan, 0, 156.865, 592.022, 12.8947, 0.0, 0.0, 0.822768, 0.568378, -1
17583, ostan, 0, 70.7881, 993.916, 12.8869, 0.0, 0.0, 0.782726, 0.622366, -1
17583, ostan, 0, 280.733, 1674.32, 12.8275, 0.0, 0.0, 0.998531, -0.0541909, -1
17583, ostan, 0, 458.955, 2011.93, 6.80042, 0.0, 0.0, 0.754771, 0.655989, -1
17583, ostan, 0, -112.0, 911.768, 12.7787, 0.0, 0.0, 0.984148, -0.177351, -1
17583, ostan, 0, 2290.45, -2143.06, 22.6294, 0.0, 0.0, 0.0, 1.0, -1
17583, ostan, 0, 1889.77, -2248.38, 11.6881, 0.0, 0.0, 0.0, 1.0, -1
#FF
17583, ostan, 0, 1801.31641, 1329.36475, 10.33879, 0.0, 0.0, 0.0, 1.0, -1
17583, ostan, 0, 1781.71899, 1315.71765, 10.40188, 0.0, 0.0, 1.0, 0.0, -1
#
17584, gunmagaz, 1, 2900.0, 2900.0, 1500.0, 0.0, 0.0, 0.0, 1.0, -1
#
17586, XYLIangarBR_01, 1, 683.4468, 7.56563, 1399.742883, 0.0, 0.0, 0.0, 1.0, -1
17587, XYLIangarBR_02, 1, 679.7192, -0.8816, 1399.9792786, 0.0, 0.0, 0.0, 1.0, -1
17588, XYLIangarBR_03, 1, 683.2184, 5.86155, 1402.69797, 0.0, 0.0, 0.0, 1.0, -1
17589, XYLIangarBR_04, 1, 692.0674, 21.3843, 1393.25502, 0.0, 0.0, 0.0, 1.0, -1
17590, XYLIangarBR_05, 1, 667.3828, 23.1999, 1392.42589, 0.0, 0.0, 0.0, 1.0, -1
17591, XYLIangarBR_06, 1, 667.3787, 22.108, 1392.52119, 0.0, 0.0, 0.0, 1.0, -1
17592, XYLIangarBR_07, 1, 683.4243, 30.7188, 1391.96963, 0.0, 0.0, 0.0, 1.0, -1
17593, XYLIangarBR_08, 1, 692.5921, 7.51578, 1391.63063, 0.0, 0.0, 0.0, 1.0, -1
17594, XYLIangarBR_09, 1, 683.4088, 3.55888, 1391.7744, 0.0, 0.0, 0.0, 1.0, -1
17595, XYLIangarBR_10, 1, 681.163, 4.64746, 1391.63433, 0.0, 0.0, 0.0, 1.0, -1
17596, XYLIangarBR_11, 1, 672.0823, 9.66176, 1391.63519, 0.0, 0.0, 0.0, 1.0, -1
17597, XYLIangarBR_12, 1, 689.2583, 14.7617, 1391.63117, 0.0, 0.0, 0.0, 1.0, -1
17598, XYLIangarBR_13, 1, 680.9778, -24.175, 1391.91107, 0.0, 0.0, 0.0, 1.0, -1
17599, XYLIangarBR_14, 1, 686.5381, 25.3337, 1391.91107, 0.0, 0.0, 0.0, 1.0, -1
17600, XYLIangarBR_15, 1, 685.7306, -24.175, 1391.91107, 0.0, 0.0, 0.0, 1.0, -1
17601, XYLIangarBR_16, 1, 683.7706, 0.620255, 1394.15097, 0.0, 0.0, 0.0, 1.0, -1
17602, XYLIangarBR_17, 1, 685.0407, 14.1716, 1393.2331, 0.0, 0.0, 0.0, 1.0, -1
17603, XYLIangarBR_18, 1, 678.1273, 8.4396, 1393.25502, 0.0, 0.0, 0.0, 1.0, -1
17604, XYLIangarBR_19, 1, 681.6083, -2.49001, 1393.25502, 0.0, 0.0, 0.0, 1.0, -1
17605, XYLIangarBR_20, 1, 690.3373, 2.15958, 1393.23742, 0.0, 0.0, 0.0, 1.0, -1
17606, XYLIangarBR_21, 1, 678.1062, -6.62813, 1393.25502, 0.0, 0.0, 0.0, 1.0, -1
17607, XYLIangarBR_22, 1, 690.2067, -12.8762, 1393.2402, 0.0, 0.0, 0.0, 1.0, -1
17608, XYLIangarBR_23, 1, 673.2929, 23.344, 1393.25502, 0.0, 0.0, 0.0, 1.0, -1
17609, XYLIangarBR_24, 1, 685.1837, 20.6379, 1391.57845, 0.0, 0.0, 0.0, 1.0, -1
17610, XYLIangarBR_25, 1, 678.144, 6.39228, 1392.23792, 0.0, 0.0, 0.0, 1.0, -1
17611, XYLIangarBR_26, 1, 683.8725, 26.0144, 1392.26302, 0.0, 0.0, 0.0, 1.0, -1
17612, XYLIangarBR_27, 1, 680.0311, 28.5204, 1391.9013, 0.0, 0.0, 0.0, 1.0, -1
17613, Main1, 1, 2900.0, 1500.0, 2500.0, 0.0, 0.0, 0.0, 1.0, -1
17614, Main2, 1, 2900.0, 1500.0, 2500.0, 0.0, 0.0, 0.0, 1.0, -1
17615, Main3, 1, 2900.0, 1500.0, 2500.0, 0.0, 0.0, 0.0, 1.0, -1
17616, Main, 1, 2900.0, 1500.0, 2500.0, 0.0, 0.0, 0.0, 1.0, -1
17634, Glas_s1a, 1, 2902.44847, 1503.33669, 2499.849779, 0.0, 0.0, 0.0, 1.0, -1
#
17620, K7, 1, 2503.62245, 2443.6332, 2499,8149, 0.0, 0.0, 1.0, 1.62921e-007, -1
17621, K5, 1, 2500.0, 2500.0, 2500.0, 0.0, 0.0, 0.0, 1.0, -1
17622, K11, 1, 2500.0, 2500.0, 2500.0, 0.0, 0.0, 0.0, 1.0, -1
17623, K13, 1, 2500.0, 2500.0, 2500.0, 0.0, 0.0, 0.0, 1.0, -1
17620, K7, 1, 2493.84756, 2443.6332, 2499,8149, 0.0, 0.0, 0.0, 1.0, -1
17625, K14, 1, 2500.0, 2500.0, 2500.0, 0.0, 0.0, 0.0, 1.0, -1
17627, K4, 1, 2500.0, 2500.0, 2500.0, 0.0, 0.0, 0.0, 1.0, -1
17628, K9, 1, 2500.0, 2500.0, 2500.0, 0.0, 0.0, 0.0, 1.0, -1
17629, K8, 1, 2500.0, 2500.0, 2500.0, 0.0, 0.0, 0.0, 1.0, -1
17630, K10, 1, 2500.0, 2500.0, 2500.0, 0.0, 0.0, 0.0, 1.0, -1
17631, K1, 1, 2500.0, 2500.0, 2500.0, 0.0, 0.0, 0.0, 1.0, -1
17632, K2, 1, 2500.0, 2500.0, 2500.0, 0.0, 0.0, 0.0, 1.0, -1
17633, K3, 1, 2500.0, 2500.0, 2500.0, 0.0, 0.0, 0.0, 1.0, -1
17626, K12, 1, 2500.0, 2500.0, 2500.0, 0.0, 0.0, 0.0, 1.0, -1
17624, K6, 1, 2500.0, 2500.0, 2500.0, 0.0, 0.0, 0.0, 1.0, -1
#17635, CasinoGlass, 1, 2500.0, 2500.0, 2500.0, 0.0, 0.0, 0.0, 1.0, -1
#17635
17636, Zags019, 1, 2503.00024, 2499.99976, 1503.81750, 0.0, 0.0, 0.0, 1.0, -1
17637, Zags020, 1, 2509.00024, 2500.99976, 1503.81750, 0.0, 0.0, 0.0, 1.0, -1
17638, Zags021, 1, 2514.00024, 2500.99976, 1503.81750, 0.0, 0.0, 0.0, 1.0, -1
17639, Zags022, 1, 2519.00024, 2500.99976, 1503.81750, 0.0, 0.0, 0.0, 1.0, -1
17640, Zags023, 1, 2524.00024, 2500.99976, 1503.81750, 0.0, 0.0, 0.0, 1.0, -1
17641, Zags024, 1, 2538.00024, 2483.99976, 1503.81750, 0.0, 0.0, 0.0, 1.0, -1
17642, Zags025, 1, 2532.00024, 2486.99976, 1503.81750, 0.0, 0.0, 0.0, 1.0, -1
17643, Zags026, 1, 2535.00024, 2494.99976, 1503.81750, 0.0, 0.0, 0.0, 1.0, -1
17644, Zags027, 1, 2535.00024, 2500.99976, 1503.81750, 0.0, 0.0, 0.0, 1.0, -1
17645, Zags028, 1, 2535.00024, 2507.99976, 1503.81750, 0.0, 0.0, 0.0, 1.0, -1
17646, Zags029, 1, 2535.00024, 2513.99976, 1503.81750, 0.0, 0.0, 0.0, 1.0, -1
17647, Zags030, 1, 2535.00024, 2518.99976, 1503.81750, 0.0, 0.0, 0.0, 1.0, -1
17648, Zags031, 1, 2535.00024, 2522.99976, 1503.81750, 0.0, 0.0, 0.0, 1.0, -1
17649, Zags032, 1, 2533.00024, 2526.99976, 1503.81750, 0.0, 0.0, 0.0, 1.0, -1
17650, Zags033, 1, 2532.00024, 2490.99976, 1503.81750, 0.0, 0.0, 0.0, 1.0, -1
17651, Zags034, 1, 2538.00024, 2487.99976, 1503.81750, 0.0, 0.0, 0.0, 1.0, -1
17652, Zags035, 1, 2538.00024, 2490.99976, 1503.81750, 0.0, 0.0, 0.0, 1.0, -1
17653, Zags036, 1, 2533.00024, 2482.99976, 1503.81750, 0.0, 0.0, 0.0, 1.0, -1
#17654, Sov_room004, 1, 1500.0, 1500.0, 1500.0, 0.0, 0.0, 0.0, 1.0, -1
#17655, Sov_room001, 1, 1500.0, 1500.0, 1500.0, 0.0, 0.0, 0.0, 1.0, -1
#17656, Sov_room003, 1, 1500.0, 1500.0, 1500.0, 0.0, 0.0, 0.0, 1.0, -1
#17657, Sov_room, 1, 1500.0, 1500.0, 1500.0, 0.0, 0.0, 0.0, 1.0, -1
#17658, Sov_room002, 1, 1500.0, 1500.0, 1500.0, 0.0, 0.0, 0.0, 1.0, -1
17659, Autoserv_M1, 1, 2500.0, 1500.0, 1500.0, 0.0, 0.0, 0.0, 1.0, -1
17660, Autoserv_M2, 1, 2503.3968, 1503.11816, 1498.73574, 0.0, 0.0, 0.0, 1.0, -1
17661, Autoserv_M5, 1, 2483.12427, 1488.73840, 1497.90125, 0.0, 0.0, 0.0, 1.0, -1
17662, Autoserv_M4, 1, 2489.06323, 1499.55115, 1498.82751, 0.0, 0.0, 0.0, 1.0, -1
17663, Autoserv_M3, 1, 2503.21216, 1504.22522, 1501.98145, 0.0, 0.0, 0.0, 1.0, -1 
17664, Car1, 1, 2489.25146, 1506.09070, 1498.00635, 0.0, 0.0, 0.0, 1.0, -1
17664, Car1, 1, 2517.96191, 1510.38953, 1499.17542, 0.0, 0.0, 0.707107, 0.707107, -1
17665, Car2, 1, 2517.95557, 1498.25000, 1500.25940, 0.0, 0.0, 0.0, 1.0, -1
17666, GMint_X01, 1, 1500.0, 2500.0, 1500.0, 0.0, 0.0, 0.0, 1.0, -1
17667, GMint_X03, 1, 1500.0, 2500.0, 1500.0, 0.0, 0.0, 0.0, 1.0, -1
17668, GMint_X06, 1, 1500.0, 2500.0, 1500.0, 0.0, 0.0, 0.0, 1.0, -1
17669, GMint_X04, 1, 1500.0, 2500.0, 1500.0, 0.0, 0.0, 0.0, 1.0, -1
17670, GMint_X02, 1, 1500.0, 2500.0, 1500.0, 0.0, 0.0, 0.0, 1.0, -1
17671, GMint_X05, 1, 1500.0, 2500.0, 1500.0, 0.0, 0.0, 0.0, 1.0, -1
17672, DerevInt_X01, 1, 2492.0511, 999.74147, 1500.73752, 0.0, 0.0, 0.0, 1.0, -1
17673, DerevInt_X02, 1, 2492.0511, 999.74147, 1500.73752, 0.0, 0.0, 0.0, 1.0, -1
17674, DerevInt_X03, 1, 2492.0511, 999.74147, 1500.73752, 0.0, 0.0, 0.0, 1.0, -1
17675, DerevInt_X04, 1, 2492.0511, 999.74147, 1500.73752, 0.0, 0.0, 0.0, 1.0, -1
17676, DerevInt_X05, 1, 2492.0511, 999.74147, 1500.73752, 0.0, 0.0, 0.0, 1.0, -1
17677, DerevInt_X06, 1, 2492.0511, 999.74147, 1500.73752, 0.0, 0.0, 0.0, 1.0, -1
17678, int_gar_02_meb, 1, 998.23653, 1499.67341, 1499.66617, 0.0, 0.0, 0.0, 1.0, -1
17679, int_gar_02, 1, 1000.0, 1500.0, 1500.0, 0.0, 0.0, 0.0, 1.0, -1
17680, BR_tiles_01, 1, 1000.00000, 1000.00000, 1500.00000, 0.0, 0.0, 0.0, 1.0, -1
17681, BR_gar_01, 1, 1000.00000, 1000.00000, 1500.00000, 0.0, 0.0, 0.0, 1.0, -1
#17682, BR_gar_col, 1, 1000.00000, 1000.00000, 1500.00000, 0.0, 0.0, 0.0, 1.0, -1
17683, BR_meb_03, 1, 1000.00000, 1000.00000, 1500.00000, 0.0, 0.0, 0.0, 1.0, -1
17684, BR_meb_02, 1, 1000.00000, 1000.00000, 1500.00000, 0.0, 0.0, 0.0, 1.0, -1
17685, BR_motor, 1, 1000.00000, 1000.00000, 1500.00000, 0.0, 0.0, 0.0, 1.0, -1
17686, BR_gar_decal, 1, 1000.00000, 1000.00000, 1500.00000, 0.0, 0.0, 0.0, 1.0, -1
17687, BR_meb_04, 1, 1000.00000, 1000.00000, 1500.00000, 0.0, 0.0, 0.0, 1.0, -1
17688, BR_mach, 1, 1000.00000, 1000.00000, 1500.00000, 0.0, 0.0, 0.0, 1.0, -1
17689, BR_gar_int, 1, 1000.00000, 1000.00000, 1500.00000, 0.0, 0.0, 0.0, 1.0, -1
17690, BR_box, 1, 1000.00000, 1000.00000, 1500.00000, 0.0, 0.0, 0.0, 1.0, -1
17691, BR_int_napol01, 1, 1000.00000, 1000.00000, 1000.00000, 0.0, 0.0, 0.0, 1.0, -1
17692, BR_int_napol03, 1, 1000.00000, 1000.00000, 1000.00000, 0.0, 0.0, 0.0, 1.0, -1
17693, BR_text_01, 1, 1000.00000, 1000.00000, 1000.00000, 0.0, 0.0, 0.0, 1.0, -1
17694, BR_box_int_001, 1, 1000.00000, 1000.00000, 1000.00000, 0.0, 0.0, 0.0, 1.0, -1
17695, BR_chair_01, 1, 498.11514, 1500.74536, 1500.52051, 0.0, 0.0, 0.0, 1.0, -1
17696, BR_chair_002, 1, 498.11514, 1506.74780, 1500.52051, 0.0, 0.0, 0.0, 1.0, -1
17697, BR_chairs_05, 1, 497.77295, 1506.23657, 1501.27844, 0.0, 0.0, 0.0, 1.0, -1
17698, BR_chairs_06, 1, 501.45837, 1505.72803, 1500.52051, 0.0, 0.0, 0.0, 1.0, -1
17699, BR_FLAGS, 1, 494.38968, 1510.69092, 1501.47546, 0.0, 0.0, 0.0, 1.0, -1
17700, BR_lights, 1, 498.87802, 1501.97168, 1501.53149, 0.0, 0.0, 0.0, 1.0, -1
17701, BR_mebel_02, 1, 497.84515, 1504.67456, 1501.37268, 0.0, 0.0, 0.0, 1.0, -1
17702, BR_SHKAF_02, 1, 490.58661, 1491.75391, 1500.96448, 0.0, 0.0, 0.0, 1.0, -1
17703, BR_voen_door, 1, 494.27667, 1498.81567, 1500.02771, 0.0, 0.0, 0.0, 1.0, -1
17703, BR_voen_door, 1, 501.83243, 1503.98511, 1500.02783, 0.0, 0.0, 1.0, 0.0, -1
17703, BR_voen_door, 1, 490.84818, 1493.87195, 1500.02466, 0.0, 0.0, -0.707107, 0.707107, -1
17703, BR_voen_door, 1, 504.12167, 1496.05688, 1500.02466, 0.0, 0.0, 0.707107, 0.707107, -1
17704, BR_voen_INT, 1, 500.00000, 1500.00000, 1500.00000, 0.0, 0.0, 0.0, 1.0, -1
17705, int3, 1, 0.0, 2500.0, 1540.0, 0.0, 0.0, 0.0, 1.0, -1
17706, Int1, 1, -0.86053, 2502.58422, 1539.78324, 0.0, 0.0, 0.0, 1.0, -1
17707, int1_1, 1, -0.86053, 2502.58422, 1539.78324, 0.0, 0.0, 0.0, 1.0, -1
17708, DoorHDif, 1, -6.64006, 2491.80649, 1541.2684, 0.0, 0.0, 0.0, 1.0, -1
17709, Int2, 1, 0.0, 2500.0, 1540.0, 0.0, 0.0, 0.0, 1.0, -1
17708, DoorHDif, 1, -4.1613, 2491.80649, 1541.2684, 0.0, 0.0, 1.0, 0.0, -1
17708, DoorHDif, 1, -2.16684, 2497.2639, 1541.2684, 0.0, 0.0, 0.930195, 0.367066, -1
17710, int2_2, 1, 0.0, 2500.0, 1540.0, 0.0, 0.0, 0.0, 1.0, -1
17711, int1_Garage, 1, 0.0, 2000.0, 1555.0, 0.0, 0.0, 0.0, 1.0, -1
17712, int2_2_Garage, 1, 0.0, 2000.0, 1555.0, 0.0, 0.0, 0.0, 1.0, -1
17713, int1_1_Garage, 1, 0.0, 2000.0, 1555.0, 0.0, 0.0, 0.0, 1.0, -1
17714, int2_Garage, 1, 0.0, 2000.0, 1555.0, 0.0, 0.0, 0.0, 1.0, -1
17715, Gara_VG_1, 1, 500.0, 2000.0, 1550.0, 0.0, 0.0, 0.0, 1.0, -1
17716, Gara_VG_2, 1, 500.0, 2000.0, 1550.0, 0.0, 0.0, 0.0, 1.0, -1
17717, Gara_VG, 1, 500.0, 2000.0, 1550.0, 0.0, 0.0, 0.0, 1.0, -1
#17718, PodСan1, 1, 499.78294, 2499.22251, 1501.18075, 0.0, 0.0, 0.0, 1.0, -1
#17719, PodCan2, 1, 499.75316, 2501.76143, 1501.14205, 0.0, 0.0, 0.0, 1.0, -1
#17719, PodCan2, 1, 499.45236, 2502.09814, 1501.14205, 0.0, 0.0, 0.0, 1.0, -1
17720, Pod2_2, 1, 499.93739, 2500.51199, 1502.57376, 0.0, 0.0, 0.0, 1.0, -1
17721, Pod2, 1, 499.93739, 2500.51199, 1502.57376, 0.0, 0.0, 0.0, 1.0, -1
#17719, PodCan2, 1, 499.78041, 2498.61795, 1501.14205, 0.0, 0.0, 0.0, 1.0, -1
#17718, PodСan1, 1, 499.13315, 2498.55239, 1501.18075, 0.0, 0.0, 0.0, 1.0, -1
#17719, PodCan2, 1, 499.17403, 2501.91906, 1501.14205, 0.0, 0.0, 0.0, 1.0, -1
#17719, PodCan2, 1, 499.17963, 2499.23772, 1501.14205, 0.0, 0.0, 0.0, 1.0, -1
#17718, PodСan1, 1, 499.13443, 2499.9644, 1501.18075, 0.0, 0.0, 0.0, 1.0, -1
#17718, PodСan1, 1, 499.16171, 2500.64293, 1501.18075, 0.0, 0.0, 0.0, 1.0, -1
#17719, PodCan2, 1, 499.78041, 2500.65325, 1501.14205, 0.0, 0.0, 0.0, 1.0, -1
#17719, PodCan2, 1, 499.82561, 2501.26062, 1501.14205, 0.0, 0.0, 0.0, 1.0, -1
17722, Pod1, 1, 499.93739, 2500.51199, 1502.57376, 0.0, 0.0, 0.0, 1.0, -1
17723, Pod1_1, 1, 499.93739, 2500.51199, 1502.57376, 0.0, 0.0, 0.0, 1.0, -1
17724, AucInt7561_1, 1, 1000.0, 2500.0, 1500.0, 0.0, 0.0, 0.0, 1.0, -1
17725, AucInt7561_2, 1, 1000.0, 2500.0, 1500.0, 0.0, 0.0, 0.0, 1.0, -1
17726, AucInt7561_3, 1, 1000.0, 2500.0, 1500.0, 0.0, 0.0, 0.0, 1.0, -1
17727, AucInt7561_4, 1, 1000.0, 2500.0, 1500.0, 0.0, 0.0, 0.0, 1.0, -1
#
#17174, dirdur1, 0, 2566.64, -2098.03, 21.321, -0.498647, -0.498647, 0.50135, 0.50135, -1
#17174, dirdur1, 0, 2569.62, -2098.02, 21.321, -0.498647, -0.498647, 0.50135, 0.50135, -1
#17174, dirdur1, 0, 2569.62, -2101.42, 21.321, -0.498647, -0.498647, 0.50135, 0.50135, -1
#17174, dirdur1, 0, 2566.64, -2101.44, 21.321, -0.498647, -0.498647, 0.50135, 0.50135, -1
#17174, dirdur1, 0, 2566.64, -2096.49, 21.321, -0.498647, -0.498647, 0.50135, 0.50135, -1
#17174, dirdur1, 0, 2569.6, -2096.49, 21.321, -0.498647, -0.498647, 0.50135, 0.50135, -1
#17176, temcrat1, 0, 2557.9, -2056.4, 20.9904, 5.53727e-05, 0, 0, 1, -1
#17176, temcrat1, 0, 2557.9, -2056.4, 21.6903, 0, 0, 0, 1, -1
#17176, temcrat1, 0, 2557.9, -2056.4, 22.3906, 0, 0, 0, 1, -1
#17175, imybbx, 0, 2556.51, -2059.28, 21.6218, 0, 0, -0.707107, 0.707107, -1
#17176, temcrat1, 0, 2556.44, -2056.4, 20.9904, 5.53727e-05, 0, 0, 1, -1
#17176, temcrat1, 0, 2556.44, -2056.4, 21.6903, 5.53727e-05, 0, 0, 1, -1
#17176, temcrat1, 0, 2556.44, -2056.4, 22.3906, 5.53727e-05, 0, 0, 1, -1
#17175, imybbx, 0, 2568.19, -2061.08, 21.6015, 0, 0, 0, 1, -1
#17176, temcrat1, 0, 2567.93, -2029.27, 20.9904, -9.80925e-07, 2.86068e-06, -0.000347313, 1, -1
#17176, temcrat1, 0, 2567.93, -2029.27, 21.6903, -9.80925e-07, 2.86068e-06, -0.000347313, 1, -1
#17176, temcrat1, 0, 2567.93, -2029.27, 22.3906, -9.80925e-07, 2.86068e-06, -0.000347313, 1, -1
#17175, imybbx, 0, 2569.6, -2028.33, 21.6078, 0, 0, 0.704563, 0.709642, -1
#17175, imybbx, 0, 2557.7, -2027.47, 21.6148, 0, 0, 0, 1, -1
#17176, temcrat1, 0, 2567.93, -2026.84, 20.9904, -9.80925e-07, 2.86068e-06, -0.000347313, 1, -1
#17176, temcrat1, 0, 2567.93, -2026.84, 21.6903, -9.80925e-07, 2.86068e-06, -0.000347313, 1, -1
#17176, temcrat1, 0, 2567.93, -2026.84, 22.3906, -9.80925e-07, 2.86068e-06, -0.000347313, 1, -1
17177, dckwrk_zvd, 0, -1069.47, 2164.66, 38.5066, 2.4996e-05, 0.000466412, 0.999016, -0.0443382, -1
17178, cxrf_oil_zavd, 0, -1124.66, 2177.61, 41.759, -0.000560957, 0.000180403, 0.0504502, 0.998726, -1
17179, vgsefrg_zvd, 0, -1041.5, 2167.75, 40.4217, -0.000524991, 8.48769e-05, -2.00372e-07, 1, -1
17180, modshopdoor_zavod, 0, -1075.68, 2208.89, 39.0322, -0.00144875, 0.00109854, -0.705878, 0.708331, -1
17181, dyn_dor_zavd, 0, -1043.71, 2208.85, 38.7691, -0.000415888, 0.000735513, -0.707738, 0.706475, -1
17184, rhus2, 0, 2318.61, 1732.83, 4.34389, -0.00484363, -0.00616209, -0.72434, 0.689398, -1
17185, hrbild_sfn01, 0, 2411.86, 1763.29, 3.49653, 0.0, 0.0153226, 0.0, 0.999883, -1
17186, cuunk06, 0, 2382.74, 1711.76, -4.36847, -0.00433719, -0.144915, 0.988896, 0.0326368, -1
17187, kmbner_yel, 0, 2389.61, 1765.16, -1.42237, -0.0171315, 0.0187928, -0.0374448, 0.998975, -1
17181, dyn_dor_zavd, 0, 2382.26, 1720.59, -1.75465, -0.0973229, -0.10977, 0.673771, 0.724232, -1
#934, ContBaseRUS, 0, 610.85626, 1719.29907, 13.05444, 0.0, 0.0, 0.0, 1.0, -1
#959, ContCRB_odej, 0, 610.85626, 1719.29907, 13.05444, 0.0, 0.0, 0.0, 1.0, -1
#
end
enex
2486.0, -2144.0, 21.0, 0, 1.6, 0.696777, 8, -958.20789, -445.57169, 594.74951, 88, 1, 0, "Uz", 0, 0, 0, 24
#2486.0, -2146.0, 21.0, 0, 1.6, 0.696777, 8, 1150.0, 222.0, 1000.0, 88, 1, 0, "Uz1", 0, 0, 0, 24
#2486.0, -2148.0, 21.0, 0, 1.6, 0.696777, 8, 499.93739, 2500.51199, 1500.0, 88, 1, 0, "Uz2", 0, 0, 0, 24
#2486.0, -2150.0, 21.0, 0, 1.6, 0.696777, 8, 1000.0, 2500.0, 1500.0, 88, 1, 0, "Uz3", 0, 0, 0, 24
#2486.0, -2142.0, 21.0, 0, 1.6, 0.696777, 8, 0.0, 2500.0, 1540.0, 88, 1, 0, "Gr", 0, 0, 0, 24
#2486.0, -2144.0, 21.0, 0, 1.6, 0.696777, 8, 1000.0, 1502.0, 1500.0, 88, 1, 0, "shahta", 0, 0, 0, 24
#2486.0, -2146.0, 21.0, 0, 1.6, 0.696777, 8, 1000.0, 1000.0, 1000.0, 88, 1, 0, "shah123a", 0, 0, 0, 24
#2486.0, -2148.0, 21.0, 0, 1.6, 0.696777, 8, 499.0, 1500.0, 1500.0, 88, 1, 0, "sh123a", 0, 0, 0, 24
end


